FACTOR1	P-VALUE	CORR.P-VALUE	A	B	C	D	PERCENT	BACK.PER.	GENES
UP00079_1_Esrra_primary	1.0	1.0	1.0	1599.0	0.0	0.0	0.06	0.0	MTRNR2L5
UP00000_2_Smad3_secondary	1.0	1.0	2.0	1598.0	0.0	0.0	0.13	0.0	
MA0163.1.PLAG1	1.0	1.0	7.0	1593.0	0.0	0.0	0.44	0.0	IQUB,KCNK10,FAM155A,PRIMA1,GPR98
MA0152.1.NFATC2	1.0	1.0	12.0	1588.0	0.0	0.0	0.75	0.0	LOR,ZNF2,REG1A,REG1B,FREM3,PGLYRP3,PROM2,TRIM42
UP00228_1_Bapx1_2343.1	1.0	1.0	2.0	1598.0	0.0	0.0	0.13	0.0	SHOX2
MA0137.1.STAT1	1.0	1.0	5.0	1595.0	0.0	0.0	0.31	0.0	RNF6,MRPS9
UP00104_1_Hmx1_3423.1	1.0	1.0	0.0	1600.0	0.0	0.0	0.0	0.0	
MA0078.1.Sox17	1.0	1.0	2.0	1598.0	0.0	0.0	0.13	0.0	DPP6
UP00040_2_Irf5_secondary	1.0	1.0	0.0	1600.0	0.0	0.0	0.0	0.0	
MA0055.1.Myf	1.0	1.0	2.0	1598.0	0.0	0.0	0.13	0.0	
MA0156.1.FEV	1.0	1.0	3.0	1597.0	0.0	0.0	0.19	0.0	NAT1,THEG5,SDK2
UP00017_2_Nkx3-1_secondary	1.0	1.0	0.0	1600.0	0.0	0.0	0.0	0.0	
MA0111.1.Spz1	1.0	1.0	9.0	1591.0	0.0	0.0	0.56	0.0	KRBA1,TMEM132C,RPH3A,CTNNA2,GRM7,CDKAL1
UP00106_1_Vax2_3500.1	1.0	1.0	1.0	1599.0	0.0	0.0	0.06	0.0	
UP00051_1_Sox8_primary	1.0	1.0	2.0	1598.0	0.0	0.0	0.13	0.0	C4orf27
UP00257_1_Shox2_2641.2	1.0	1.0	0.0	1600.0	0.0	0.0	0.0	0.0	
UP00067_1_Lef1_primary	1.0	1.0	0.0	1600.0	0.0	0.0	0.0	0.0	
MA0041.1.Foxd3	1.0	1.0	15.0	1585.0	0.0	0.0	0.94	0.0	PDCL3,NMS,LRRC16A,CSMD3,RELN,TMEM260,PCDH15,MYO16,SOX5,SGCZ
UP00406_2_Spdef_secondary	1.0	1.0	2.0	1598.0	0.0	0.0	0.13	0.0	LOC100506035
UP00004_1_Sox14_primary	1.0	1.0	0.0	1600.0	0.0	0.0	0.0	0.0	
UP00206_1_Hoxb7_3953.1	1.0	1.0	0.0	1600.0	0.0	0.0	0.0	0.0	
UP00075_1_Sox15_primary	1.0	1.0	2.0	1598.0	0.0	0.0	0.13	0.0	NSUN7
UP00226_1_Mrg1_2246.2	1.0	1.0	0.0	1600.0	0.0	0.0	0.0	0.0	
UP00023_1_Sox30_primary	1.0	1.0	2.0	1598.0	0.0	0.0	0.13	0.0	C4orf27
MA0019.1.Ddit3::Cebpa	1.0	1.0	3.0	1597.0	0.0	0.0	0.19	0.0	LCP1
UP00244_1_Tlx2_3498.2	1.0	1.0	5.0	1595.0	0.0	0.0	0.31	0.0	PDCL3,SGCZ,WWOX,LINC00466,NMS
UP00159_1_Six2_2307.2	1.0	1.0	1.0	1599.0	0.0	0.0	0.06	0.0	KRBA1
UP00227_1_Duxl_1286.2	1.0	1.0	0.0	1600.0	0.0	0.0	0.0	0.0	
UP00100_1_Gata6_primary	1.0	1.0	0.0	1600.0	0.0	0.0	0.0	0.0	
MA0072.1.RORA_2	1.0	1.0	1.0	1599.0	0.0	0.0	0.06	0.0	C10orf71
UP00087_2_Tcfap2c_secondary	1.0	1.0	2.0	1598.0	0.0	0.0	0.13	0.0	CXCL13
UP00183_1_Hoxa13_3126.1	1.0	1.0	2.0	1598.0	0.0	0.0	0.13	0.0	MTRNR2L5
UP00081_2_Mybl1_secondary	1.0	1.0	1.0	1599.0	0.0	0.0	0.06	0.0	VANGL2
UP00253_1_Rax_3443.1	1.0	1.0	0.0	1600.0	0.0	0.0	0.0	0.0	
MA0150.1.NFE2L2	1.0	1.0	3.0	1597.0	0.0	0.0	0.19	0.0	SDK1,CYB5R4
UP00240_1_Cdx1_2245.1	1.0	1.0	1.0	1599.0	0.0	0.0	0.06	0.0	MTRNR2L5
UP00201_1_Emx2_3420.1	1.0	1.0	0.0	1600.0	0.0	0.0	0.0	0.0	
UP00116_1_Rhox6_4251.1	1.0	1.0	1.0	1599.0	0.0	0.0	0.06	0.0	
UP00230_1_Dlx5_3419.2	1.0	1.0	1.0	1599.0	0.0	0.0	0.06	0.0	LOC728342
UP00168_1_Hoxd8_2644.1	1.0	1.0	2.0	1598.0	0.0	0.0	0.13	0.0	SGCZ
UP00048_2_Rara_secondary	1.0	1.0	0.0	1600.0	0.0	0.0	0.0	0.0	
UP00391_1_Hoxa3_primary	1.0	1.0	1.0	1599.0	0.0	0.0	0.06	0.0	
MA0148.1.FOXA1	1.0	1.0	0.0	1600.0	0.0	0.0	0.0	0.0	
UP00182_1_Hoxa6_1040.1	1.0	1.0	2.0	1598.0	0.0	0.0	0.13	0.0	EMX2
UP00099_1_Ascl2_primary	1.0	1.0	1.0	1599.0	0.0	0.0	0.06	0.0	MIR4719
UP00080_1_Gata5_primary	1.0	1.0	1.0	1599.0	0.0	0.0	0.06	0.0	
UP00249_1_Nkx2-5_3436.1	1.0	1.0	0.0	1600.0	0.0	0.0	0.0	0.0	
UP00047_2_Zbtb7b_secondary	1.0	1.0	0.0	1600.0	0.0	0.0	0.0	0.0	
UP00008_3_Six6_2267.4	1.0	1.0	0.0	1600.0	0.0	0.0	0.0	0.0	
UP00024_1_Glis2_primary	1.0	1.0	1.0	1599.0	0.0	0.0	0.06	0.0	
UP00025_1_Foxk1_primary	1.0	1.0	2.0	1598.0	0.0	0.0	0.13	0.0	SGCZ
MA0161.1.NFIC	1.0	1.0	39.0	1561.0	0.0	0.0	2.44	0.0	WDR7,CDKAL1,LOC730811,RBFOX1,NRXN3,AGTPBP1,WWOX,CCDC174,ERICH1-AS1,OR2M4,CCDC147,PLEKHG1,CCDC140,OR2M3,SORCS1,PTPRD,VWA3B,CTNNA2,KIAA0319
UP00248_1_Pax7_3783.1	1.0	1.0	0.0	1600.0	0.0	0.0	0.0	0.0	
UP00107_1_Nkx2-4_3074.1	1.0	1.0	0.0	1600.0	0.0	0.0	0.0	0.0	
UP00089_3_Tcf1_2666.2	1.0	1.0	2.0	1598.0	0.0	0.0	0.13	0.0	CLEC2A,TNFSF13B
UP00157_1_Hmx3_3490.2	1.0	1.0	1.0	1599.0	0.0	0.0	0.06	0.0	
UP00406_1_Spdef_primary	1.0	1.0	3.0	1597.0	0.0	0.0	0.19	0.0	
UP00047_1_Zbtb7b_primary	1.0	1.0	0.0	1600.0	0.0	0.0	0.0	0.0	
MA0061.1.NF-kappaB	1.0	1.0	4.0	1596.0	0.0	0.0	0.25	0.0	CCDC170,WWOX,LOC100505776
UP00267_1_Otx2_3441.1	1.0	1.0	0.0	1600.0	0.0	0.0	0.0	0.0	
MA0142.1.Pou5f1	1.0	1.0	3.0	1597.0	0.0	0.0	0.19	0.0	PGLYRP3,LOR
UP00030_1_Sox11_primary	1.0	1.0	1.0	1599.0	0.0	0.0	0.06	0.0	COL23A1
UP00018_1_Irf4_primary	1.0	1.0	4.0	1596.0	0.0	0.0	0.25	0.0	RNF6,RRH
UP00057_1_Zic2_primary	1.0	1.0	3.0	1597.0	0.0	0.0	0.19	0.0	TMEM132C
UP00084_1_Gmeb1_primary	1.0	1.0	0.0	1600.0	0.0	0.0	0.0	0.0	
MA0018.2.CREB1	1.0	1.0	5.0	1595.0	0.0	0.0	0.31	0.0	GRM7,KCNMA1,LOC283587
UP00081_1_Mybl1_primary	1.0	1.0	0.0	1600.0	0.0	0.0	0.0	0.0	
MA0067.1.Pax2	1.0	1.0	10.0	1590.0	0.0	0.0	0.63	0.0	CCDC170,NRXN3,MIR4453,SLC36A3,SLC36A2,C4orf27,ASIC2,SPTSSB
MA0098.1.ETS1	1.0	1.0	26.0	1574.0	0.0	0.0	1.63	0.0	JAKMIP1,CACNG3,ZBTB16,SMCO4,RAB12,WWOX,EMX2,PYDC2,PAX7,ABCA9,CNTNAP5,SKP1P2,PZP,LOC284788,XRCC2,DGKG,ABCA8,SPTSSB
UP00155_1_Hmx2_3424.3	1.0	1.0	0.0	1600.0	0.0	0.0	0.0	0.0	
MA0068.1.Pax4	1.0	1.0	0.0	1600.0	0.0	0.0	0.0	0.0	
UP00041_1_Foxj1_primary	1.0	1.0	2.0	1598.0	0.0	0.0	0.13	0.0	GRM7,SGCZ
UP00142_1_Uncx4.1_2281.2	1.0	1.0	0.0	1600.0	0.0	0.0	0.0	0.0	
MA0141.1.Esrrb	1.0	1.0	3.0	1597.0	0.0	0.0	0.19	0.0	C4orf19
MA0122.1.Nkx3-2	1.0	1.0	0.0	1600.0	0.0	0.0	0.0	0.0	
UP00003_1_E2F3_primary	1.0	1.0	4.0	1596.0	0.0	0.0	0.25	0.0	CCSER1
UP00243_1_Isx_3445.1	1.0	1.0	1.0	1599.0	0.0	0.0	0.06	0.0	LOC728342
UP00035_1_Hic1_primary	1.0	1.0	5.0	1595.0	0.0	0.0	0.31	0.0	ZNF804B
UP00160_1_Obox3_3439.1	1.0	1.0	0.0	1600.0	0.0	0.0	0.0	0.0	
UP00147_1_Nkx2-6_3437.1	1.0	1.0	0.0	1600.0	0.0	0.0	0.0	0.0	
UP00097_1_Mtf1_primary	1.0	1.0	1.0	1599.0	0.0	0.0	0.06	0.0	GRM6,ZNF879
MA0032.1.FOXC1	1.0	1.0	4.0	1596.0	0.0	0.0	0.25	0.0	LOC284294,GALNTL6,MYCNOS,SMC6
UP00177_1_Hoxd12_3481.1	1.0	1.0	1.0	1599.0	0.0	0.0	0.06	0.0	MTRNR2L5
UP00056_2_Rfx4_secondary	1.0	1.0	1.0	1599.0	0.0	0.0	0.06	0.0	SORCS1
UP00064_1_Sox18_primary	1.0	1.0	2.0	1598.0	0.0	0.0	0.13	0.0	PCDH7
UP00237_1_Otp_3496.1	1.0	1.0	0.0	1600.0	0.0	0.0	0.0	0.0	
UP00029_1_Tbp_primary	1.0	1.0	13.0	1587.0	0.0	0.0	0.81	0.0	HSF5,PDCL3,NMS,TIAM1,RELN,LINC00466,SGCZ
UP00166_1_Barhl1_2590.2	1.0	1.0	1.0	1599.0	0.0	0.0	0.06	0.0	LOC728342
UP00012_1_Bbx_primary	1.0	1.0	0.0	1600.0	0.0	0.0	0.0	0.0	
UP00108_1_Alx3_3418.2	1.0	1.0	0.0	1600.0	0.0	0.0	0.0	0.0	
UP00250_1_Irx5_2385.1	1.0	1.0	2.0	1598.0	0.0	0.0	0.13	0.0	LIPI
UP00238_1_Nkx6-3_3446.1	1.0	1.0	1.0	1599.0	0.0	0.0	0.06	0.0	EMX2
MA0073.1.RREB1	1.0	1.0	2.0	1598.0	0.0	0.0	0.13	0.0	LOXHD1,ST8SIA5,METTL24
MA0037.1.GATA3	1.0	1.0	0.0	1600.0	0.0	0.0	0.0	0.0	
MA0140.1.Tal1::Gata1	1.0	1.0	1.0	1599.0	0.0	0.0	0.06	0.0	NKAIN2
UP00211_1_Pou3f3_3235.2	1.0	1.0	2.0	1598.0	0.0	0.0	0.13	0.0	LINC00470
UP00002_2_Sp4_secondary	1.0	1.0	7.0	1593.0	0.0	0.0	0.44	0.0	LINC00563,TMEM132D,KY
UP00040_1_Irf5_primary	1.0	1.0	4.0	1596.0	0.0	0.0	0.25	0.0	RNF6,RRH
MA0070.1.PBX1	1.0	1.0	3.0	1597.0	0.0	0.0	0.19	0.0	
UP00212_1_Lhx5_2279.1	1.0	1.0	0.0	1600.0	0.0	0.0	0.0	0.0	
UP00030_2_Sox11_secondary	1.0	1.0	3.0	1597.0	0.0	0.0	0.19	0.0	PCDH7
MA0077.1.SOX9	1.0	1.0	3.0	1597.0	0.0	0.0	0.19	0.0	PTPRT,PCDH15
UP00070_1_Gcm1_primary	1.0	1.0	4.0	1596.0	0.0	0.0	0.25	0.0	ADAMTS9
UP00102_1_Zic1_primary	1.0	1.0	2.0	1598.0	0.0	0.0	0.13	0.0	
UP00200_2_Nkx6-1_2825.2	1.0	1.0	1.0	1599.0	0.0	0.0	0.06	0.0	EMX2
UP00179_1_Pou2f3_3986.2	1.0	1.0	2.0	1598.0	0.0	0.0	0.13	0.0	MIR548X,SHISA3
UP00027_1_Osr1_primary	1.0	1.0	2.0	1598.0	0.0	0.0	0.13	0.0	MAPK4,WWOX
MA0104.2.Mycn	1.0	1.0	8.0	1592.0	0.0	0.0	0.5	0.0	SORCS1,LOC100270746,NLRP11,GUCY1B2,RFPL4A,NELL1,CFTR
UP00073_1_Foxa2_primary	1.0	1.0	2.0	1598.0	0.0	0.0	0.13	0.0	SGCZ
UP00007_1_Egr1_primary	1.0	1.0	1.0	1599.0	0.0	0.0	0.06	0.0	
UP00007_2_Egr1_secondary	1.0	1.0	1.0	1599.0	0.0	0.0	0.06	0.0	
UP00101_2_Sox12_secondary	1.0	1.0	1.0	1599.0	0.0	0.0	0.06	0.0	
UP00105_1_Pou3f4_3773.1	1.0	1.0	1.0	1599.0	0.0	0.0	0.06	0.0	LINC00466
MA0132.1.Pdx1	1.0	1.0	0.0	1600.0	0.0	0.0	0.0	0.0	
UP00252_1_Hoxc5_2630.2	1.0	1.0	0.0	1600.0	0.0	0.0	0.0	0.0	
UP00020_1_Atf1_primary	1.0	1.0	1.0	1599.0	0.0	0.0	0.06	0.0	KCNMA1
UP00171_1_Msx3_3206.1	1.0	1.0	1.0	1599.0	0.0	0.0	0.06	0.0	LOC728342
UP00049_2_Sp100_secondary	1.0	1.0	1.0	1599.0	0.0	0.0	0.06	0.0	PTCHD2
MA0018.1.CREB1	1.0	1.0	0.0	1600.0	0.0	0.0	0.0	0.0	
UP00010_1_Tcfap2b_primary	1.0	1.0	2.0	1598.0	0.0	0.0	0.13	0.0	HES1,CXCL13
MA0079.2.SP1	1.0	1.0	10.0	1590.0	0.0	0.0	0.63	0.0	RASGEF1C,TBX3,FLJ16171,TMEM182,TERF1,PRIMA1,PMEPA1,KCNB2
UP00069_1_Sox1_primary	1.0	1.0	0.0	1600.0	0.0	0.0	0.0	0.0	
MA0108.1.TBP	1.0	1.0	3.0	1597.0	0.0	0.0	0.19	0.0	
UP00054_1_Tcf7_primary	1.0	1.0	0.0	1600.0	0.0	0.0	0.0	0.0	
UP00170_1_Isl2_3430.1	1.0	1.0	1.0	1599.0	0.0	0.0	0.06	0.0	
UP00059_2_Arid5a_secondary	1.0	1.0	2.0	1598.0	0.0	0.0	0.13	0.0	DSP
UP00075_2_Sox15_secondary	1.0	1.0	1.0	1599.0	0.0	0.0	0.06	0.0	
MA0149.1.EWSR1-FLI1	1.0	1.0	3.0	1597.0	0.0	0.0	0.19	0.0	MOB3B,PTPRT,CHORDC1
UP00261_1_Lhx4_1719.2	1.0	1.0	1.0	1599.0	0.0	0.0	0.06	0.0	LOC728342
UP00258_1_Tgif2_3451.1	1.0	1.0	0.0	1600.0	0.0	0.0	0.0	0.0	
UP00192_1_Six1_0935.2	1.0	1.0	0.0	1600.0	0.0	0.0	0.0	0.0	
UP00062_1_Sox4_primary	1.0	1.0	1.0	1599.0	0.0	0.0	0.06	0.0	COL23A1
UP00103_1_Jundm2_primary	1.0	1.0	0.0	1600.0	0.0	0.0	0.0	0.0	
UP00034_2_Sox7_secondary	1.0	1.0	0.0	1600.0	0.0	0.0	0.0	0.0	
UP00164_2_Hoxa7_3750.1	1.0	1.0	0.0	1600.0	0.0	0.0	0.0	0.0	
MA0100.1.Myb	1.0	1.0	3.0	1597.0	0.0	0.0	0.19	0.0	VANGL2
UP00185_1_Pbx1_3203.1	1.0	1.0	0.0	1600.0	0.0	0.0	0.0	0.0	
UP00223_1_Irx3_0920.1	1.0	1.0	1.0	1599.0	0.0	0.0	0.06	0.0	LIPI
UP00057_2_Zic2_secondary	1.0	1.0	6.0	1594.0	0.0	0.0	0.38	0.0	ADAM3A,KCNH8,NTRK2,MIR5694,FLJ31662
UP00071_2_Sox21_secondary	1.0	1.0	1.0	1599.0	0.0	0.0	0.06	0.0	PCDH7
UP00054_2_Tcf7_secondary	1.0	1.0	2.0	1598.0	0.0	0.0	0.13	0.0	CSMD1
MA0104.1.Mycn	1.0	1.0	46.0	1554.0	0.0	0.0	2.88	0.0	SORCS1,UGT3A1,RFC3,LOC100270746,NLRP11,LOC100506085,DCC,ADGB,VIPR2,NRP2,PRIMA1,POU3F2,GALNTL6,SLC14A2,TNR,RFPL4A,MIR3924,RAB3C,NELL1,XIRP2,CAPSL,SNRNP48,GALNT18,MYEOV2,GUCY1B2,WWOX,OR10R2
UP00197_1_Hoxc9_2367.2	1.0	1.0	0.0	1600.0	0.0	0.0	0.0	0.0	
MA0113.1.NR3C1	1.0	1.0	0.0	1600.0	0.0	0.0	0.0	0.0	
UP00164_1_Hoxa7_2668.2	1.0	1.0	0.0	1600.0	0.0	0.0	0.0	0.0	
UP00246_1_Hoxa11_2218.1	1.0	1.0	2.0	1598.0	0.0	0.0	0.13	0.0	FREM3,MTRNR2L5
UP00068_2_Eomes_secondary	1.0	1.0	2.0	1598.0	0.0	0.0	0.13	0.0	LOXHD1,CHRNA7
MA0046.1.HNF1A	1.0	1.0	2.0	1598.0	0.0	0.0	0.13	0.0	CSMD1
UP00184_1_Lhx8_2247.2	1.0	1.0	1.0	1599.0	0.0	0.0	0.06	0.0	LOC728342
UP00123_1_Hlxb9_3422.1	1.0	1.0	0.0	1600.0	0.0	0.0	0.0	0.0	
UP00191_1_Pou2f2_3748.1	1.0	1.0	2.0	1598.0	0.0	0.0	0.13	0.0	MIR548X,SHISA3
MA0040.1.Foxq1	1.0	1.0	3.0	1597.0	0.0	0.0	0.19	0.0	MIR548F5
MA0109.1.Hltf	1.0	1.0	4.0	1596.0	0.0	0.0	0.25	0.0	
MA0027.1.En1	1.0	1.0	2.0	1598.0	0.0	0.0	0.13	0.0	NRG3,RAB3C
UP00195_1_Six3_1732.2	1.0	1.0	1.0	1599.0	0.0	0.0	0.06	0.0	KRBA1
MA0136.1.ELF5	1.0	1.0	4.0	1596.0	0.0	0.0	0.25	0.0	NAT1
MA0004.1.Arnt	1.0	1.0	46.0	1554.0	0.0	0.0	2.88	0.0	SORCS1,UGT3A1,RFC3,LOC100270746,NLRP11,LOC100506085,DCC,ADGB,VIPR2,NRP2,PRIMA1,POU3F2,GALNTL6,SLC14A2,TNR,RFPL4A,MIR3924,RAB3C,NELL1,XIRP2,CAPSL,SNRNP48,GALNT18,MYEOV2,GUCY1B2,WWOX,OR10R2
UP00209_1_Cart1_0997.1	1.0	1.0	0.0	1600.0	0.0	0.0	0.0	0.0	
UP00027_2_Osr1_secondary	1.0	1.0	0.0	1600.0	0.0	0.0	0.0	0.0	
UP00098_1_Rfx3_primary	1.0	1.0	0.0	1600.0	0.0	0.0	0.0	0.0	
UP00094_2_Zfp128_secondary	1.0	1.0	11.0	1589.0	0.0	0.0	0.69	0.0	HSF5
UP00130_1_Lhx3_3431.1	1.0	1.0	0.0	1600.0	0.0	0.0	0.0	0.0	
UP00120_1_Lbx2_3869.2	1.0	1.0	0.0	1600.0	0.0	0.0	0.0	0.0	
UP00000_1_Smad3_primary	1.0	1.0	1.0	1599.0	0.0	0.0	0.06	0.0	CNTNAP2
MA0144.1.Stat3	1.0	1.0	8.0	1592.0	0.0	0.0	0.5	0.0	GRID1,MYO18B,ADARB2
MA0115.1.NR1H2::RXRA	1.0	1.0	3.0	1597.0	0.0	0.0	0.19	0.0	CACNA1E
MA0039.1.Klf4	1.0	1.0	3.0	1597.0	0.0	0.0	0.19	0.0	CDH12,CHORDC1
MA0090.1.TEAD1	1.0	1.0	2.0	1598.0	0.0	0.0	0.13	0.0	
UP00115_1_Lhx2_0953.2	1.0	1.0	1.0	1599.0	0.0	0.0	0.06	0.0	LOC728342
MA0099.1.Fos	1.0	1.0	7.0	1593.0	0.0	0.0	0.44	0.0	SDK1,CYB5R4,ARHGAP44,BAIAP2L1,OR7C1,PTPRT,EMR2,GREB1L
UP00066_2_Hnf4a_secondary	1.0	1.0	0.0	1600.0	0.0	0.0	0.0	0.0	
MA0038.1.Gfi	1.0	1.0	7.0	1593.0	0.0	0.0	0.44	0.0	FGD5,LOC440970,RNASE4,DKFZp779M0652,SMC2,LOC100507384,C3orf20,ZNF423,EDDM3A
MA0117.1.Mafb	1.0	1.0	0.0	1600.0	0.0	0.0	0.0	0.0	
UP00205_1_Pknox2_3077.2	1.0	1.0	0.0	1600.0	0.0	0.0	0.0	0.0	
UP00125_1_Pitx2_2274.3	1.0	1.0	0.0	1600.0	0.0	0.0	0.0	0.0	
UP00036_1_Myf6_primary	1.0	1.0	2.0	1598.0	0.0	0.0	0.13	0.0	
UP00103_2_Jundm2_secondary	1.0	1.0	3.0	1597.0	0.0	0.0	0.19	0.0	SDK1,EMR2,OR7C1
UP00046_2_Tcfe2a_secondary	1.0	1.0	1.0	1599.0	0.0	0.0	0.06	0.0	NALCN
UP00045_2_Mafb_secondary	1.0	1.0	0.0	1600.0	0.0	0.0	0.0	0.0	
UP00037_1_Zfp105_primary	1.0	1.0	17.0	1583.0	0.0	0.0	1.06	0.0	FLJ35282,NMS,ACVR1C,SVOPL,LRRC16A,SLC24A3,TIAM1,SGCZ,PCDH15,MYO16,PDCL3
MA0028.1.ELK1	1.0	1.0	2.0	1598.0	0.0	0.0	0.13	0.0	LOC284788
UP00092_2_Myb_secondary	1.0	1.0	1.0	1599.0	0.0	0.0	0.06	0.0	
UP00233_1_Meox1_2310.2	1.0	1.0	2.0	1598.0	0.0	0.0	0.13	0.0	EMX2
UP00209_2_Cart1_1275.1	1.0	1.0	0.0	1600.0	0.0	0.0	0.0	0.0	
MA0063.1.Nkx2-5	1.0	1.0	0.0	1600.0	0.0	0.0	0.0	0.0	
UP00071_1_Sox21_primary	1.0	1.0	1.0	1599.0	0.0	0.0	0.06	0.0	HSF5
MA0035.1.Gata1	1.0	1.0	0.0	1600.0	0.0	0.0	0.0	0.0	
UP00188_1_Lmx1a_2238.2	1.0	1.0	2.0	1598.0	0.0	0.0	0.13	0.0	LINC00466
IRF8_ISRE_KANNO	1.0	1.0	4.0	1596.0	0.0	0.0	0.25	0.0	RNF6
UP00078_1_Arid3a_primary	1.0	1.0	2.0	1598.0	0.0	0.0	0.13	0.0	NPY5R
UP00223_2_Irx3_2226.1	1.0	1.0	0.0	1600.0	0.0	0.0	0.0	0.0	
UP00234_1_Msx1_3031.2	1.0	1.0	1.0	1599.0	0.0	0.0	0.06	0.0	
MA0133.1.BRCA1	1.0	1.0	0.0	1600.0	0.0	0.0	0.0	0.0	
MA0056.1.MZF1_1-4	1.0	1.0	44.0	1556.0	0.0	0.0	2.75	0.0	ERC2,PCSK6,STXBP4,FAM155A,ENPEP,APOB,AMER2,CACNA1E,ICA1,CXCR7,CTNNA2,IQCA1,PRIMA1,MTMR6,SLC8A3,DGKG,ESRRG,ASIC2,MACROD2,KCNB2,MIR4276,NKX6-1,RBM46,LRRC30,ADARB2,TERF1,C2orf43,LOC100505776
MA0080.1.SPI1	1.0	1.0	0.0	1600.0	0.0	0.0	0.0	0.0	
MA0099.2.AP1	1.0	1.0	0.0	1600.0	0.0	0.0	0.0	0.0	
UP00060_2_Max_secondary	1.0	1.0	1.0	1599.0	0.0	0.0	0.06	0.0	SORCS1
MA0066.1.PPARG	1.0	1.0	1.0	1599.0	0.0	0.0	0.06	0.0	
MA0164.1.Nr2e3	1.0	1.0	2.0	1598.0	0.0	0.0	0.13	0.0	LOC285501
MA0036.1.GATA2	1.0	1.0	80.0	1520.0	0.0	0.0	5.0	0.0	LOC650226,CCDC174,LOC150568,C4orf22,C4orf27,ERICH1-AS1,LHFP,CSMD1,CNTNAP5,LINC00700,RRH,CCSER1,LOC389634,ATE1,NCAM2,PIRT,OR2C3,NKAIN2,LOC729911,CARD11,WWOX,SCD5,NFASC,GALNT8,DEFB126,GCSAML-AS1,ADARB2,MYO18B,PKIB,LINC00534,PTPRD,ZNF423,PCDH15,EMX2,DEFB125,C2orf43
UP00034_1_Sox7_primary	1.0	1.0	0.0	1600.0	0.0	0.0	0.0	0.0	
UP00001_2_E2F2_secondary	1.0	1.0	1.0	1599.0	0.0	0.0	0.06	0.0	
UP00162_1_Evx1_3952.2	1.0	1.0	0.0	1600.0	0.0	0.0	0.0	0.0	
UP00203_1_Pknox1_2364.2	1.0	1.0	0.0	1600.0	0.0	0.0	0.0	0.0	
UP00174_1_Hoxa2_3079.1	1.0	1.0	1.0	1599.0	0.0	0.0	0.06	0.0	
UP00127_1_Gsh2_3990.2	1.0	1.0	1.0	1599.0	0.0	0.0	0.06	0.0	
MA0065.2.PPARG::RXRA	1.0	1.0	7.0	1593.0	0.0	0.0	0.44	0.0	RBM46,CACNA1E,EMX2OS,MYO18B,LOC440311
UP00241_1_Hoxd3_1742.2	1.0	1.0	0.0	1600.0	0.0	0.0	0.0	0.0	
MA0151.1.ARID3A	1.0	1.0	22.0	1578.0	0.0	0.0	1.38	0.0	LOC730811,WWOX,PDZD2,SHISA3,LOC284294,LINC00466
UP00251_1_Esx1_3124.2	1.0	1.0	0.0	1600.0	0.0	0.0	0.0	0.0	
klf4_homer	1.0	1.0	14.0	1586.0	0.0	0.0	0.88	0.0	POU3F3,FSTL4,NRXN3,SPOCK3,DDC
MA0002.2.RUNX1	1.0	1.0	3.0	1597.0	0.0	0.0	0.19	0.0	LOXHD1,ST8SIA5,CTNNA2,PREX1
MA0105.1.NFKB1	1.0	1.0	3.0	1597.0	0.0	0.0	0.19	0.0	LOC100505776
UP00089_2_Tcf1_secondary	1.0	1.0	5.0	1595.0	0.0	0.0	0.31	0.0	CACNA2D3,CPPED1,KIAA1211,NTRK2,MDGA2
UP00089_1_Tcf1_primary	1.0	1.0	1.0	1599.0	0.0	0.0	0.06	0.0	CLEC2A
MA0059.1.MYC::MAX	1.0	1.0	3.0	1597.0	0.0	0.0	0.19	0.0	NELL1,RFPL4A,NLRP11
UP00208_1_Obox5_2284.1	1.0	1.0	1.0	1599.0	0.0	0.0	0.06	0.0	LOC440970
MA0101.1.REL	1.0	1.0	4.0	1596.0	0.0	0.0	0.25	0.0	ADARB2,ADAMTS9,DGKG,WWOX
MA0131.1.MIZF	1.0	1.0	1.0	1599.0	0.0	0.0	0.06	0.0	
UP00222_1_Tcf2_0913.2	1.0	1.0	1.0	1599.0	0.0	0.0	0.06	0.0	CLEC2A
UP00048_1_Rara_primary	1.0	1.0	0.0	1600.0	0.0	0.0	0.0	0.0	
UP00111_1_Dmbx1_2277.1	1.0	1.0	0.0	1600.0	0.0	0.0	0.0	0.0	
UP00407_2_Elf3_secondary	1.0	1.0	9.0	1591.0	0.0	0.0	0.56	0.0	NPY5R,TIAM1,TMEM260,MYO16,CASD1
MA0162.1.Egr1	1.0	1.0	7.0	1593.0	0.0	0.0	0.44	0.0	TNIP3,TNR
MA0259.1.HIF1A::ARNT	1.0	1.0	4.0	1596.0	0.0	0.0	0.25	0.0	PRIMA1,VIPR2,GALNT18
UP00069_2_Sox1_secondary	1.0	1.0	1.0	1599.0	0.0	0.0	0.06	0.0	
UP00256_2_Lhx6_3432.1	1.0	1.0	0.0	1600.0	0.0	0.0	0.0	0.0	
UP00068_1_Eomes_primary	1.0	1.0	0.0	1600.0	0.0	0.0	0.0	0.0	
UP00055_1_Hbp1_primary	1.0	1.0	1.0	1599.0	0.0	0.0	0.06	0.0	TMEM132C
MA0258.1.ESR2	1.0	1.0	3.0	1597.0	0.0	0.0	0.19	0.0	QKI
MA0159.1.RXR::RAR_DR5	1.0	1.0	2.0	1598.0	0.0	0.0	0.13	0.0	LOC440311
MA0087.1.Sox5	1.0	1.0	0.0	1600.0	0.0	0.0	0.0	0.0	
UP00073_2_Foxa2_secondary	1.0	1.0	2.0	1598.0	0.0	0.0	0.13	0.0	PDCL3,NMS
UP00088_1_Plagl1_primary	1.0	1.0	1.0	1599.0	0.0	0.0	0.06	0.0	
MA0160.1.NR4A2	1.0	1.0	6.0	1594.0	0.0	0.0	0.38	0.0	UBR3,INO80D,SLC36A3,SLC36A2
MA0014.1.Pax5	1.0	1.0	0.0	1600.0	0.0	0.0	0.0	0.0	
UP00039_2_Foxj3_secondary	1.0	1.0	4.0	1596.0	0.0	0.0	0.25	0.0	TMEM260
UP00028_1_Tcfap2e_primary	1.0	1.0	2.0	1598.0	0.0	0.0	0.13	0.0	GFRA2
UP00219_2_Cutl1_3494.2	1.0	1.0	0.0	1600.0	0.0	0.0	0.0	0.0	
MA0051.1.IRF2	1.0	1.0	0.0	1600.0	0.0	0.0	0.0	0.0	
UP00259_1_Hoxb6_3428.2	1.0	1.0	0.0	1600.0	0.0	0.0	0.0	0.0	
UP00407_1_Elf3_primary	1.0	1.0	4.0	1596.0	0.0	0.0	0.25	0.0	
UP00214_1_Hoxb5_3122.2	1.0	1.0	2.0	1598.0	0.0	0.0	0.13	0.0	EMX2
MA0084.1.SRY	1.0	1.0	1.0	1599.0	0.0	0.0	0.06	0.0	
UP00173_1_Hoxc13_3127.1	1.0	1.0	2.0	1598.0	0.0	0.0	0.13	0.0	MTRNR2L5
UP00085_1_Sfpi1_primary	1.0	1.0	2.0	1598.0	0.0	0.0	0.13	0.0	
UP00193_2_Rhox11_2205.1	1.0	1.0	2.0	1598.0	0.0	0.0	0.13	0.0	
UP00044_2_Mafk_secondary	1.0	1.0	1.0	1599.0	0.0	0.0	0.06	0.0	GABRB2
UP00121_1_Hoxd10_2368.2	1.0	1.0	4.0	1596.0	0.0	0.0	0.25	0.0	NPY5R,TMEM260
UP00061_2_Foxl1_secondary	1.0	1.0	2.0	1598.0	0.0	0.0	0.13	0.0	TMEM260
UP00052_2_Osr2_secondary	1.0	1.0	0.0	1600.0	0.0	0.0	0.0	0.0	
UP00112_1_Gsc_2327.3	1.0	1.0	0.0	1600.0	0.0	0.0	0.0	0.0	
MA0048.1.NHLH1	1.0	1.0	1.0	1599.0	0.0	0.0	0.06	0.0	ERICH1-AS1
UP00187_1_Alx4_1744.1	1.0	1.0	0.0	1600.0	0.0	0.0	0.0	0.0	
UP00008_2_Six6_secondary	1.0	1.0	4.0	1596.0	0.0	0.0	0.25	0.0	
UP00194_1_Irx4_2242.3	1.0	1.0	0.0	1600.0	0.0	0.0	0.0	0.0	
UP00029_2_Tbp_secondary	1.0	1.0	0.0	1600.0	0.0	0.0	0.0	0.0	
UP00079_2_Esrra_secondary	1.0	1.0	2.0	1598.0	0.0	0.0	0.13	0.0	GRM7
UP00145_1_Barhl2_3868.1	1.0	1.0	1.0	1599.0	0.0	0.0	0.06	0.0	LOC728342
UP00152_1_Arx_1738.2	1.0	1.0	0.0	1600.0	0.0	0.0	0.0	0.0	
UP00011_2_Irf6_secondary	1.0	1.0	0.0	1600.0	0.0	0.0	0.0	0.0	
MA0058.1.MAX	1.0	1.0	5.0	1595.0	0.0	0.0	0.31	0.0	LOC100270746,NLRP11,GUCY1B2,RFPL4A,NELL1
UP00072_1_IRC900814_primary	1.0	1.0	5.0	1595.0	0.0	0.0	0.31	0.0	GUCY2C,PIRT,PLBD1
UP00095_2_Zfp691_secondary	1.0	1.0	1.0	1599.0	0.0	0.0	0.06	0.0	PCSK6
MA0075.1.Prrx2	1.0	1.0	200.0	1400.0	0.0	0.0	12.5	0.0	HSF5,OR3A4P,LRRC16A,FTMT,PCSK5,HPSE2,KIAA0319,CCSER1,DCC,NTRK2,DLGAP2,PCSK6,LOC441454,TNIP3,EYS,CACNA2D3,NKX6-1,GHITM,CLEC2A,EIF1B-AS1,ZNF280B,PKIB,LINC00534,RNF219-AS1,PLEKHA7,L3MBTL4,CSN3,MYO5B,MEP1B,MIR548F5,MYO3B,FLJ35282,CCDC60,VWC2,C4orf27,MDGA2,SFXN1,FLG,CCDC126,CABS1,HRNR,PPM1H,NBLA00301,TTN,TMEM260,RNF138,GRM7,SDK1,SDK2,TSHZ2,DSP,ASTN2,NELL1,RBFOX1,FSTL5,SPOCK3,HES1,OR6N2,ADRBK2,RYR2,SORCS1,SORCS3,LOC728342,RFC3,TRPC3,CSMD1,TIGD4,MCTP1,RGMA,NUTMG,ZNF385D,C10orf71,SGCZ,LINC00466,OR8K3,CADM2,LOC283587,COL25A1,OR8H1,TET2,SCAF4,CHRNA7,SYNE1,ZPBP,XKR4,NPY5R,EMX2,LINC00470,WWOX,MYO16,KIAA1211,DPT,DYTN,TMEM154,CNTNAP2,CNTNAP4,LINC00645,SEMA6D,TMEM132C,NRG3,NOS1AP,RP1,NOS1,DPY19L2,CPPED1,PCDH15,TMEM163,AGTPBP1,MEX3C,UPP2,PTPRT,TARBP1,PTPRD
E2A-Homer	1.0	1.0	3.0	1597.0	0.0	0.0	0.19	0.0	MIR4719,FLJ16171
MA0442.1.SOX10	1.0	1.0	0.0	1600.0	0.0	0.0	0.0	0.0	
MA0003.1.TFAP2A	1.0	1.0	4.0	1596.0	0.0	0.0	0.25	0.0	RYR2,GFRA2
UP00050_1_Bhlhb2_primary	1.0	1.0	0.0	1600.0	0.0	0.0	0.0	0.0	
MA0108.2.TBP	1.0	1.0	3.0	1597.0	0.0	0.0	0.19	0.0	
UP00161_1_Hmbox1_2674.1	1.0	1.0	0.0	1600.0	0.0	0.0	0.0	0.0	
UP00114_1_Homez_1063.2	1.0	1.0	1.0	1599.0	0.0	0.0	0.06	0.0	
UP00200_1_Nkx6-1_2825.1	1.0	1.0	1.0	1599.0	0.0	0.0	0.06	0.0	EMX2
UP00020_2_Atf1_secondary	1.0	1.0	1.0	1599.0	0.0	0.0	0.06	0.0	
UP00077_2_Srf_secondary	1.0	1.0	13.0	1587.0	0.0	0.0	0.81	0.0	PDCL3,ACVR1C,SVOPL,TIAM1,COL23A1,MYO16,GABRB2,CASD1,NMS
UP00132_1_Evx2_2645.3	1.0	1.0	3.0	1597.0	0.0	0.0	0.19	0.0	LOC728342
UP00101_1_Sox12_primary	1.0	1.0	3.0	1597.0	0.0	0.0	0.19	0.0	C4orf27,PCDH7
UP00186_1_Meis1_2335.1	1.0	1.0	0.0	1600.0	0.0	0.0	0.0	0.0	
MA0106.1.TP53	1.0	1.0	2.0	1598.0	0.0	0.0	0.13	0.0	PARP11
UP00008_4	1.0	1.0	0.0	1600.0	0.0	0.0	0.0	0.0	
MA0138.2.REST	1.0	1.0	1.0	1599.0	0.0	0.0	0.06	0.0	
MA0039.2.Klf4	1.0	1.0	19.0	1581.0	0.0	0.0	1.19	0.0	RASGEF1C,TRDN,VWC2,FSTL4,PCSK6,LOXHD1,TERF1,SPOCK3,KCNB2,ZPBP,ZNF804B
UP00263_1_Hoxb8_3780.2	1.0	1.0	0.0	1600.0	0.0	0.0	0.0	0.0	
UP00176_1_Crx_3485.1	1.0	1.0	0.0	1600.0	0.0	0.0	0.0	0.0	
UP00058_2_Tcf3_secondary	1.0	1.0	8.0	1592.0	0.0	0.0	0.5	0.0	ESRRG,MRPS9,SLC24A3,RELN,MYO16
UP00218_1_Dbx2_3487.1	1.0	1.0	0.0	1600.0	0.0	0.0	0.0	0.0	
UP00004_2_Sox14_secondary	1.0	1.0	0.0	1600.0	0.0	0.0	0.0	0.0	
MA0153.1.HNF1B	1.0	1.0	1.0	1599.0	0.0	0.0	0.06	0.0	
UP00190_1_Nkx2-3_3435.1	1.0	1.0	1.0	1599.0	0.0	0.0	0.06	0.0	SOX5
UP00046_1_Tcfe2a_primary	1.0	1.0	6.0	1594.0	0.0	0.0	0.38	0.0	PTPRT,ANO3,SOX5
UP00033_2_Zfp410_secondary	1.0	1.0	0.0	1600.0	0.0	0.0	0.0	0.0	
UP00091_2_Sox5_secondary	1.0	1.0	0.0	1600.0	0.0	0.0	0.0	0.0	
UP00122_1_Tgif1_2342.2	1.0	1.0	0.0	1600.0	0.0	0.0	0.0	0.0	
MA0006.1.Arnt::Ahr	1.0	1.0	107.0	1493.0	0.0	0.0	6.69	0.0	HTR5A,EPHX2,FSTL5,CCDC60,MYOM2,FTMT,LOC728606,TMEM132D,GABRA6,TMEM132C,SPTSSB,ARHGAP44,DNTT,WASF3,RTDR1,C7orf72,CCSER1,SLC36A3,SLC36A2,ATRNL1,WWOX,TTN,GBA3,FLJ31662,MIR4453,VWC2,MIR4255,TSHZ2,PIEZO2,C9orf72,TNIP3,TMEM163,PTPRT,MAST4,IGSF21,LOC100505875,ZPBP,CTNNA2,ZNF804B,GPR12,GRM7,RNF219-AS1,RBFOX1,NAA11,CCDC170,KCTD1,GRIK3,NRXN3,KCNH8,ACTR3B,GRIN2B,GDA,TARBP1,KC6,PRUNE2,YIPF7,ZNF92,SPOCK3,FLJ46284,CFTR,C2orf43
UP00391_2_Hoxa3_secondary	1.0	1.0	3.0	1597.0	0.0	0.0	0.19	0.0	
UP00050_2_Bhlhb2_secondary	1.0	1.0	0.0	1600.0	0.0	0.0	0.0	0.0	
MA0074.1.RXRA::VDR	1.0	1.0	4.0	1596.0	0.0	0.0	0.25	0.0	CSMD1,ATE1,LOC100505776
UP00215_1_Vax1_3499.1	1.0	1.0	1.0	1599.0	0.0	0.0	0.06	0.0	
UP00213_1_Hoxa9_2622.2	1.0	1.0	1.0	1599.0	0.0	0.0	0.06	0.0	NPY5R
UP00146_2_Pou6f1_3733.1	1.0	1.0	1.0	1599.0	0.0	0.0	0.06	0.0	
UP00066_1_Hnf4a_primary	1.0	1.0	10.0	1590.0	0.0	0.0	0.63	0.0	CCDC64,SEL1L2,PRKCB,ZNF91,GFRA2,GRM7
MA0033.1.FOXL1	1.0	1.0	3.0	1597.0	0.0	0.0	0.19	0.0	
MA0009.1.T	1.0	1.0	0.0	1600.0	0.0	0.0	0.0	0.0	
UP00036_2_Myf6_secondary	1.0	1.0	4.0	1596.0	0.0	0.0	0.25	0.0	PTPRD,PCSK6,LCORL
UP00135_1_Hoxc12_3480.1	1.0	1.0	1.0	1599.0	0.0	0.0	0.06	0.0	MTRNR2L5
UP00204_1_Gbx1_2883.2	1.0	1.0	1.0	1599.0	0.0	0.0	0.06	0.0	LOC728342
UP00144_1_Hoxb4_2627.1	1.0	1.0	0.0	1600.0	0.0	0.0	0.0	0.0	
UP00006_2_Zic3_secondary	1.0	1.0	8.0	1592.0	0.0	0.0	0.5	0.0	ADAM3A,KCNH8,NTRK2,MIR5694,FLJ31662
UP00129_1_Pou3f1_3819.1	1.0	1.0	1.0	1599.0	0.0	0.0	0.06	0.0	LINC00466
UP00085_2_Sfpi1_secondary	1.0	1.0	1.0	1599.0	0.0	0.0	0.06	0.0	
MA0025.1.NFIL3	1.0	1.0	2.0	1598.0	0.0	0.0	0.13	0.0	
UP00072_2_IRC900814_secondary	1.0	1.0	2.0	1598.0	0.0	0.0	0.13	0.0	FREM3,CSMD1
UP00140_1_Hoxd1_3448.1	1.0	1.0	0.0	1600.0	0.0	0.0	0.0	0.0	
UP00150_1_Irx6_2623.2	1.0	1.0	3.0	1597.0	0.0	0.0	0.19	0.0	LIPI
UP00095_1_Zfp691_primary	1.0	1.0	2.0	1598.0	0.0	0.0	0.13	0.0	SLC13A3
UP00053_2_Rxra_secondary	1.0	1.0	1.0	1599.0	0.0	0.0	0.06	0.0	
UP00119_1_Nkx2-9_3082.1	1.0	1.0	2.0	1598.0	0.0	0.0	0.13	0.0	SCLT1,SOX5
UP00255_1_Dbx1_3486.1	1.0	1.0	7.0	1593.0	0.0	0.0	0.44	0.0	PDCL3,SGCZ,WWOX,LINC00466,NMS
MA0035.2.Gata1	1.0	1.0	2.0	1598.0	0.0	0.0	0.13	0.0	
UP00133_1_Cdx2_4272.1	1.0	1.0	0.0	1600.0	0.0	0.0	0.0	0.0	
UP00141_1_Vsx1_1728.1	1.0	1.0	0.0	1600.0	0.0	0.0	0.0	0.0	
UP00094_1_Zfp128_primary	1.0	1.0	1.0	1599.0	0.0	0.0	0.06	0.0	VPS8
UP00180_1_Hoxd13_2356.1	1.0	1.0	3.0	1597.0	0.0	0.0	0.19	0.0	TMEM260,NPY5R
UP00051_2_Sox8_secondary	1.0	1.0	1.0	1599.0	0.0	0.0	0.06	0.0	
Ash2l_hand	1.0	1.0	5.0	1595.0	0.0	0.0	0.31	0.0	C1QL2,APOB,MAPK4
MA0052.1.MEF2A	1.0	1.0	22.0	1578.0	0.0	0.0	1.38	0.0	EGFLAM,HSF5,NPY5R,TIAM1,DNAH8,CCSER1,TBCA,LINC00470,CSMD3,DTD2,DSP,TMEM260,OTP,GPR33
MA0157.1.FOXO3	1.0	1.0	0.0	1600.0	0.0	0.0	0.0	0.0	
MA0116.1.Zfp423	1.0	1.0	0.0	1600.0	0.0	0.0	0.0	0.0	
MA0119.1.TLX1::NFIC	1.0	1.0	5.0	1595.0	0.0	0.0	0.31	0.0	ZMYM1
MA0154.1.EBF1	1.0	1.0	1.0	1599.0	0.0	0.0	0.06	0.0	MIR4276
UP00021_2_Zfp281_secondary	1.0	1.0	1.0	1599.0	0.0	0.0	0.06	0.0	
MA0146.1.Zfx	1.0	1.0	18.0	1582.0	0.0	0.0	1.13	0.0	CRP,HS3ST4,IQUB,ATP8A2,TIAM1,PTPRD,HUNK,SPTLC3,GPR98,DUSP23
UP00199_1_Six4_2860.1	1.0	1.0	1.0	1599.0	0.0	0.0	0.06	0.0	SORCS1
IRF8_AICS	1.0	1.0	2.0	1598.0	0.0	0.0	0.13	0.0	MRPS9
UP00022_2_Zfp740_secondary	1.0	1.0	0.0	1600.0	0.0	0.0	0.0	0.0	
MA0112.1.ESR1	1.0	1.0	3.0	1597.0	0.0	0.0	0.19	0.0	QKI,SHISA9
MA0158.1.HOXA5	1.0	1.0	37.0	1563.0	0.0	0.0	2.31	0.0	MIR548F5,FLJ35282,LRRC16A,LOC728342,CSMD1,RGMA,CABS1,CCSER1,LINC00466,CPPED1,CADM2,VWC2,COL25A1,TSHZ2,SPOCK3,TET2,PCDH15,SCAF4,CHRNA7,NELL1,ZPBP,NOS1AP,CSN3,MYO16
UP00044_1_Mafk_primary	1.0	1.0	4.0	1596.0	0.0	0.0	0.25	0.0	FREM3,SDK1
UP00202_1_Dlx1_1741.2	1.0	1.0	2.0	1598.0	0.0	0.0	0.13	0.0	EMX2
MA0137.2.STAT1	1.0	1.0	0.0	1600.0	0.0	0.0	0.0	0.0	
UP00065_1_Zfp161_primary	1.0	1.0	4.0	1596.0	0.0	0.0	0.25	0.0	ZNF92
UP00219_1_Cutl1_3494.1	1.0	1.0	2.0	1598.0	0.0	0.0	0.13	0.0	LINGO2
UP00086_2_Irf3_secondary	1.0	1.0	3.0	1597.0	0.0	0.0	0.19	0.0	GRIN2B
UP00059_1_Arid5a_primary	1.0	1.0	5.0	1595.0	0.0	0.0	0.31	0.0	LINC00470,LINC00466,CNTLN,SH3GL2
UP00005_1_Tcfap2a_primary	1.0	1.0	1.0	1599.0	0.0	0.0	0.06	0.0	
UP00239_1_Obox2_3438.2	1.0	1.0	0.0	1600.0	0.0	0.0	0.0	0.0	
MA0017.1.NR2F1	1.0	1.0	4.0	1596.0	0.0	0.0	0.25	0.0	UNC79,SEL1L,MYO18B
UP00247_1_Pax4_3989.2	1.0	1.0	1.0	1599.0	0.0	0.0	0.06	0.0	PCSK5
UP00146_1_Pou6f1_1731.2	1.0	1.0	2.0	1598.0	0.0	0.0	0.13	0.0	
UP00231_1_Nkx2-2_2823.1	1.0	1.0	1.0	1599.0	0.0	0.0	0.06	0.0	NKX2-8,PAX9
UP00266_1_Prrx1_3442.1	1.0	1.0	1.0	1599.0	0.0	0.0	0.06	0.0	LOC728342
UP00151_1_Barx2_3447.2	1.0	1.0	1.0	1599.0	0.0	0.0	0.06	0.0	LOC728342
UP00236_1_Irx2_0900.3	1.0	1.0	3.0	1597.0	0.0	0.0	0.19	0.0	LIPI
UP00026_1_Zscan4_primary	1.0	1.0	6.0	1594.0	0.0	0.0	0.38	0.0	FLJ33581,ZNF879,DCC,DTD1,GRM6
UP00093_2_Klf7_secondary	1.0	1.0	3.0	1597.0	0.0	0.0	0.19	0.0	LINC00700
MA0091.1.TAL1::TCF3	1.0	1.0	2.0	1598.0	0.0	0.0	0.13	0.0	
UP00083_2_Tcf7l2_secondary	1.0	1.0	2.0	1598.0	0.0	0.0	0.13	0.0	
UP00003_2_E2F3_secondary	1.0	1.0	1.0	1599.0	0.0	0.0	0.06	0.0	
UP00011_1_Irf6_primary	1.0	1.0	2.0	1598.0	0.0	0.0	0.13	0.0	RNF6
MA0079.1.SP1	1.0	1.0	21.0	1579.0	0.0	0.0	1.31	0.0	DLG2,VWC2,LOC100506085,PXDNL,RYR2,MIR548F5,DCAF4L2,MBOAT1,TERF1,SPOCK3,KCNB2,GRM7,ZPBP,ZNF804B
UP00126_1_Dlx2_2273.2	1.0	1.0	3.0	1597.0	0.0	0.0	0.19	0.0	EMX2,LOC728342
UP00010_2_Tcfap2b_secondary	1.0	1.0	0.0	1600.0	0.0	0.0	0.0	0.0	
UP00076_2_Rfxdc2_secondary	1.0	1.0	2.0	1598.0	0.0	0.0	0.13	0.0	
UP00156_1_Msx2_3449.1	1.0	1.0	0.0	1600.0	0.0	0.0	0.0	0.0	
UP00084_2_Gmeb1_secondary	1.0	1.0	1.0	1599.0	0.0	0.0	0.06	0.0	TMEM213,KIAA1549
UP00014_2_Sox17_secondary	1.0	1.0	1.0	1599.0	0.0	0.0	0.06	0.0	
UP00062_2_Sox4_secondary	1.0	1.0	1.0	1599.0	0.0	0.0	0.06	0.0	
UP00043_1_Bcl6b_primary	1.0	1.0	0.0	1600.0	0.0	0.0	0.0	0.0	
UP00224_1_Pax6_3838.3	1.0	1.0	1.0	1599.0	0.0	0.0	0.06	0.0	
UP00055_2_Hbp1_secondary	1.0	1.0	1.0	1599.0	0.0	0.0	0.06	0.0	NKX6-1
MA0069.1.Pax6	1.0	1.0	2.0	1598.0	0.0	0.0	0.13	0.0	NTRK3
MA0080.2.SPI1	1.0	1.0	14.0	1586.0	0.0	0.0	0.88	0.0	NDUFA5,CCDC170,NRXN3,PTPRT,C9orf72,LOC155060
UP00045_1_Mafb_primary	1.0	1.0	1.0	1599.0	0.0	0.0	0.06	0.0	
UP00098_2_Rfx3_secondary	1.0	1.0	0.0	1600.0	0.0	0.0	0.0	0.0	
UP00262_1_Lhx1_2240.2	1.0	1.0	0.0	1600.0	0.0	0.0	0.0	0.0	
UP00217_1_Hoxa10_2318.1	1.0	1.0	4.0	1596.0	0.0	0.0	0.25	0.0	SH3GL2,TMEM260,CNTLN,NPY5R
UP00024_2_Glis2_secondary	1.0	1.0	4.0	1596.0	0.0	0.0	0.25	0.0	TMEM260
MA0155.1.INSM1	1.0	1.0	2.0	1598.0	0.0	0.0	0.13	0.0	EMX2OS
UP00070_2_Gcm1_secondary	1.0	1.0	2.0	1598.0	0.0	0.0	0.13	0.0	MTMR6,AMER2
UP00002_1_Sp4_primary	1.0	1.0	4.0	1596.0	0.0	0.0	0.25	0.0	NRXN3
MA0071.1.RORA_1	1.0	1.0	17.0	1583.0	0.0	0.0	1.06	0.0	NPL,LRRC4C,SDK1,RPE65,PRKCB,CCDC64,LARGE,KCNU1,GFRA2,UBR3,GRM7,KCNIP1
MA0007.1.Ar	1.0	1.0	0.0	1600.0	0.0	0.0	0.0	0.0	
UP00023_2_Sox30_secondary	1.0	1.0	0.0	1600.0	0.0	0.0	0.0	0.0	
UP00165_1_Titf1_1722.2	1.0	1.0	1.0	1599.0	0.0	0.0	0.06	0.0	C1QL2
UP00096_2_Sox13_secondary	1.0	1.0	1.0	1599.0	0.0	0.0	0.06	0.0	
UP00009_1_Nr2f2_primary	1.0	1.0	1.0	1599.0	0.0	0.0	0.06	0.0	
UP00264_1_Hoxa1_3425.1	1.0	1.0	0.0	1600.0	0.0	0.0	0.0	0.0	
UP00009_2_Nr2f2_secondary	1.0	1.0	0.0	1600.0	0.0	0.0	0.0	0.0	
UP00178_1_Og2x_3719.1	1.0	1.0	0.0	1600.0	0.0	0.0	0.0	0.0	
MA0093.1.USF1	1.0	1.0	0.0	1600.0	0.0	0.0	0.0	0.0	
UP00058_1_Tcf3_primary	1.0	1.0	0.0	1600.0	0.0	0.0	0.0	0.0	
UP00076_1_Rfxdc2_primary	1.0	1.0	0.0	1600.0	0.0	0.0	0.0	0.0	
MA0114.1.HNF4A	1.0	1.0	6.0	1594.0	0.0	0.0	0.38	0.0	SEL1L,UNC79,CACNA1E,EMX2OS,CNTNAP2
UP00021_1_Zfp281_primary	1.0	1.0	2.0	1598.0	0.0	0.0	0.13	0.0	
MA0081.1.SPIB	1.0	1.0	12.0	1588.0	0.0	0.0	0.75	0.0	SDK2,CAPSL,UGT3A1,WDFY4,THEG5,GABRB2
UP00216_1_Obox1_3970.2	1.0	1.0	0.0	1600.0	0.0	0.0	0.0	0.0	
MA0047.2.Foxa2	1.0	1.0	0.0	1600.0	0.0	0.0	0.0	0.0	
UP00138_1_Bsx_3483.2	1.0	1.0	3.0	1597.0	0.0	0.0	0.19	0.0	LOC728342
UP00391_3_Hoxa3_2783.2	1.0	1.0	1.0	1599.0	0.0	0.0	0.06	0.0	
UP00408_1_Gabpa_primary	1.0	1.0	1.0	1599.0	0.0	0.0	0.06	0.0	
MA0065.1.PPARG::RXRA	1.0	1.0	0.0	1600.0	0.0	0.0	0.0	0.0	
UP00113_1_Hoxc4_3491.1	1.0	1.0	1.0	1599.0	0.0	0.0	0.06	0.0	EMX2
UP00086_1_Irf3_primary	1.0	1.0	3.0	1597.0	0.0	0.0	0.19	0.0	RNF6,MRPS9
UP00053_1_Rxra_primary	1.0	1.0	13.0	1587.0	0.0	0.0	0.81	0.0	NPL,LRRC4C,CCDC64,RPE65,PRKCB,GDA,PRUNE2,GFRA2
UP00220_1_Nkx1-1_3856.3	1.0	1.0	2.0	1598.0	0.0	0.0	0.13	0.0	PTPRT,LOC728342
UP00136_1_Prrx2_3072.1	1.0	1.0	0.0	1600.0	0.0	0.0	0.0	0.0	
UP00137_1_Hoxb3_1720.2	1.0	1.0	1.0	1599.0	0.0	0.0	0.06	0.0	EMX2
UP00265_1_Pitx3_3497.2	1.0	1.0	1.0	1599.0	0.0	0.0	0.06	0.0	KIAA1211
MA0124.1.NKX3-1	1.0	1.0	5.0	1595.0	0.0	0.0	0.31	0.0	LINC00470,GALNTL6,MYCNOS
UP00109_1_Obox6_3440.2	1.0	1.0	2.0	1598.0	0.0	0.0	0.13	0.0	CACNA2D3,KIAA1211
UP00043_2_Bcl6b_secondary	1.0	1.0	3.0	1597.0	0.0	0.0	0.19	0.0	FGG
UP00001_1_E2F2_primary	1.0	1.0	3.0	1597.0	0.0	0.0	0.19	0.0	CCSER1
UP00012_2_Bbx_secondary	1.0	1.0	0.0	1600.0	0.0	0.0	0.0	0.0	
UP00008_1_Six6_primary	1.0	1.0	0.0	1600.0	0.0	0.0	0.0	0.0	
UP00035_2_Hic1_secondary	1.0	1.0	2.0	1598.0	0.0	0.0	0.13	0.0	
UP00225_1_Hlx1_2350.1	1.0	1.0	0.0	1600.0	0.0	0.0	0.0	0.0	
UP00087_1_Tcfap2c_primary	1.0	1.0	2.0	1598.0	0.0	0.0	0.13	0.0	GRIK4
UP00193_1_Rhox11_1765.2	1.0	1.0	2.0	1598.0	0.0	0.0	0.13	0.0	
UP00097_2_Mtf1_secondary	1.0	1.0	15.0	1585.0	0.0	0.0	0.94	0.0	PDCL3,ACVR1C,DYTN,SLC24A3,TBCA,TIAM1,OTP,MYO16,C2orf43,NMS
MA0060.1.NFYA	1.0	1.0	1.0	1599.0	0.0	0.0	0.06	0.0	
UP00148_1_Hdx_3845.3	1.0	1.0	0.0	1600.0	0.0	0.0	0.0	0.0	
UP00163_1_En2_0952.1	1.0	1.0	0.0	1600.0	0.0	0.0	0.0	0.0	
UP00041_2_Foxj1_secondary	1.0	1.0	2.0	1598.0	0.0	0.0	0.13	0.0	
UP00134_1_Hoxb13_3479.1	1.0	1.0	3.0	1597.0	0.0	0.0	0.19	0.0	NPY5R
MA0031.1.FOXD1	1.0	1.0	2.0	1598.0	0.0	0.0	0.13	0.0	MIR548F5
MA0057.1.MZF1_5-13	1.0	1.0	0.0	1600.0	0.0	0.0	0.0	0.0	
UP00254_1_Pou2f1_3081.2	1.0	1.0	1.0	1599.0	0.0	0.0	0.06	0.0	EMX2
UP00124_1_Ipf1_3815.1	1.0	1.0	1.0	1599.0	0.0	0.0	0.06	0.0	
UP00207_1_Hoxb9_3413.1	1.0	1.0	1.0	1599.0	0.0	0.0	0.06	0.0	
UP00131_1_Gbx2_3110.1	1.0	1.0	0.0	1600.0	0.0	0.0	0.0	0.0	
MA0095.1.YY1	1.0	1.0	73.0	1527.0	0.0	0.0	4.56	0.0	C4orf22,CTNND2,MYO5B,CCDC70,RANBP17,RIMBP2,NEDD1,GJB3,GJB4,TMEM132C,CADM2,MRPS9,TCL6,SLC13A1,CNBD1,DDX60,SYNE1,TRIM42,CTNNA2,LOC100507651,PLEKHG1,KCNH1,KCNJ6,EXOC8,NRXN3,GRIN2B,LINC00692,PTPRD,CDON,GPR98,RNF6,STK39,KY,CDKAL1,MYOCD
MA0092.1.Hand1::Tcfe2a	1.0	1.0	2.0	1598.0	0.0	0.0	0.13	0.0	CTNNA2
UP00028_2_Tcfap2e_secondary	1.0	1.0	13.0	1587.0	0.0	0.0	0.81	0.0	ESRRG,ACVR1C,SLC24A3,TBCA,RELN,OTP,MYO16,GABRB2,CASD1
MA0102.1.Cebpa	1.0	1.0	4.0	1596.0	0.0	0.0	0.25	0.0	SORCS1,DKFZp779M0652,LOC100507384
UP00025_2_Foxk1_secondary	1.0	1.0	6.0	1594.0	0.0	0.0	0.38	0.0	SMC2,PIRT,TMEM260
UP00221_1_Phox2a_3947.1	1.0	1.0	0.0	1600.0	0.0	0.0	0.0	0.0	
MA0062.1.GABPA	1.0	1.0	3.0	1597.0	0.0	0.0	0.19	0.0	GRID1,LOC284788
MA0125.1.Nobox	1.0	1.0	1.0	1599.0	0.0	0.0	0.06	0.0	PTPRT
UP00181_1_Barx1_2877.1	1.0	1.0	1.0	1599.0	0.0	0.0	0.06	0.0	PTPRT
UP00169_1_Lmx1b_3433.2	1.0	1.0	1.0	1599.0	0.0	0.0	0.06	0.0	
UP00037_2_Zfp105_secondary	1.0	1.0	0.0	1600.0	0.0	0.0	0.0	0.0	
MA0030.1.FOXF2	1.0	1.0	1.0	1599.0	0.0	0.0	0.06	0.0	SGCZ
MA0089.1.NFE2L1::MafG	1.0	1.0	13.0	1587.0	0.0	0.0	0.81	0.0	SDK1,CYB5R4,MYOM2,CSMD1,MAPK4,PCDH15,FAM184A,MCM9
UP00110_1_Dlx4_3488.2	1.0	1.0	1.0	1599.0	0.0	0.0	0.06	0.0	EMX2
UP00256_1_Lhx6_2272.1	1.0	1.0	0.0	1600.0	0.0	0.0	0.0	0.0	
MA0107.1.RELA	1.0	1.0	6.0	1594.0	0.0	0.0	0.38	0.0	FREM3,CSMD1,WWOX,DGKG,LOC100505776
UP00049_1_Sp100_primary	1.0	1.0	0.0	1600.0	0.0	0.0	0.0	0.0	
MA0002.1.RUNX1	1.0	1.0	1.0	1599.0	0.0	0.0	0.06	0.0	LOXHD1,ST8SIA5
UP00080_2_Gata5_secondary	1.0	1.0	0.0	1600.0	0.0	0.0	0.0	0.0	
UP00052_1_Osr2_primary	1.0	1.0	1.0	1599.0	0.0	0.0	0.06	0.0	MAPK4
MA0103.1.ZEB1	1.0	1.0	0.0	1600.0	0.0	0.0	0.0	0.0	
UP00167_1_En1_3123.2	1.0	1.0	1.0	1599.0	0.0	0.0	0.06	0.0	LOC728342
UP00022_1_Zfp740_primary	1.0	1.0	1.0	1599.0	0.0	0.0	0.06	0.0	
MA0088.1.znf143	1.0	1.0	3.0	1597.0	0.0	0.0	0.19	0.0	NTRK2
UP00099_2_Ascl2_secondary	1.0	1.0	1.0	1599.0	0.0	0.0	0.06	0.0	PCSK6
MA0042.1.FOXI1	1.0	1.0	9.0	1591.0	0.0	0.0	0.56	0.0	CSMD3,SGCZ,SEMA6A,RELN
UP00082_1_Zfp187_primary	1.0	1.0	5.0	1595.0	0.0	0.0	0.31	0.0	PTPRT
UP00117_1_Hoxd11_3873.1	1.0	1.0	1.0	1599.0	0.0	0.0	0.06	0.0	MTRNR2L5
UP00077_1_Srf_primary	1.0	1.0	0.0	1600.0	0.0	0.0	0.0	0.0	
MA0135.1.Lhx3	1.0	1.0	0.0	1600.0	0.0	0.0	0.0	0.0	
UP00196_1_Hoxa4_3426.1	1.0	1.0	1.0	1599.0	0.0	0.0	0.06	0.0	LOC728342
UP00189_1_Hoxa5_3415.1	1.0	1.0	1.0	1599.0	0.0	0.0	0.06	0.0	
UP00032_2_Gata3_secondary	1.0	1.0	0.0	1600.0	0.0	0.0	0.0	0.0	
UP00019_2_Zbtb12_secondary	1.0	1.0	1.0	1599.0	0.0	0.0	0.06	0.0	
UP00017_1_Nkx3-1_primary	1.0	1.0	1.0	1599.0	0.0	0.0	0.06	0.0	SHOX2
UP00033_1_Zfp410_primary	1.0	1.0	1.0	1599.0	0.0	0.0	0.06	0.0	
UP00026_2_Zscan4_secondary	1.0	1.0	3.0	1597.0	0.0	0.0	0.19	0.0	
MA0083.1.SRF	1.0	1.0	1.0	1599.0	0.0	0.0	0.06	0.0	
UP00015_2_Ehf_secondary	1.0	1.0	2.0	1598.0	0.0	0.0	0.13	0.0	DGKG
MA0029.1.Evi1	1.0	1.0	0.0	1600.0	0.0	0.0	0.0	0.0	
UP00056_1_Rfx4_primary	1.0	1.0	0.0	1600.0	0.0	0.0	0.0	0.0	
UP00078_2_Arid3a_secondary	1.0	1.0	0.0	1600.0	0.0	0.0	0.0	0.0	
UP00065_2_Zfp161_secondary	1.0	1.0	13.0	1587.0	0.0	0.0	0.81	0.0	RYR2,DCAF4L2,LOC100506085,OSTF1,MBOAT1,DLG2,CCDC140,GRM7,STXBP4
UP00153_1_Pitx1_2312.1	1.0	1.0	0.0	1600.0	0.0	0.0	0.0	0.0	
UP00064_2_Sox18_secondary	1.0	1.0	0.0	1600.0	0.0	0.0	0.0	0.0	
UP00016_1_Sry_primary	1.0	1.0	0.0	1600.0	0.0	0.0	0.0	0.0	
UP00198_1_Cphx_3484.1	1.0	1.0	4.0	1596.0	0.0	0.0	0.25	0.0	PTPRD
MA0147.1.Myc	1.0	1.0	8.0	1592.0	0.0	0.0	0.5	0.0	SORCS1,LOC100270746,NLRP11,GUCY1B2,RFPL4A,NELL1,DLEU7,CFTR
UP00014_1_Sox17_primary	1.0	1.0	3.0	1597.0	0.0	0.0	0.19	0.0	WWOX,TMEM260
MA0047.1.Foxa2	1.0	1.0	4.0	1596.0	0.0	0.0	0.25	0.0	SGCZ,RELN
MA0024.1.E2F1	1.0	1.0	1.0	1599.0	0.0	0.0	0.06	0.0	
UP00154_1_Dlx3_1030.1	1.0	1.0	1.0	1599.0	0.0	0.0	0.06	0.0	EMX2
UP00242_1_Hoxc8_3429.2	1.0	1.0	1.0	1599.0	0.0	0.0	0.06	0.0	EMX2
UP00074_1_Isgf3g_primary	1.0	1.0	3.0	1597.0	0.0	0.0	0.19	0.0	RNF6
UP00019_1_Zbtb12_primary	1.0	1.0	0.0	1600.0	0.0	0.0	0.0	0.0	
UP00118_1_Pou4f3_2791.1	1.0	1.0	1.0	1599.0	0.0	0.0	0.06	0.0	WWOX
MA0138.1.REST	1.0	1.0	4.0	1596.0	0.0	0.0	0.25	0.0	SYNJ2BP-COX16,SYNJ2BP,EMX2
UP00175_1_Lhx9_3492.1	1.0	1.0	0.0	1600.0	0.0	0.0	0.0	0.0	
MA0130.1.ZNF354C	1.0	1.0	60.0	1540.0	0.0	0.0	3.75	0.0	OR2M3,OLFML1,NDUFA4,C4orf27,TBX3,DTD2,CSMD1,SAMSN1,GPR33,SH3GL2,MT1HL1,RRH,RTDR1,TKTL2,TMEM182,MAPK4,CPPED1,KCNIP1,POU3F2,C1QL2,GALNTL6,TNR,WWOX,OR2M4,SHOX2,MACROD2,COL23A1,TRIM42,SYT9,CNTLN,CCDC174,GABRP,METTL24,YIPF7,SP100
UP00172_1_Prop1_3949.1	1.0	1.0	0.0	1600.0	0.0	0.0	0.0	0.0	
UP00060_1_Max_primary	1.0	1.0	3.0	1597.0	0.0	0.0	0.19	0.0	RFPL4A,NLRP11
UP00067_2_Lef1_secondary	1.0	1.0	2.0	1598.0	0.0	0.0	0.13	0.0	
UP00260_1_Hoxc6_3954.2	1.0	1.0	0.0	1600.0	0.0	0.0	0.0	0.0	
UP00005_2_Tcfap2a_secondary	1.0	1.0	12.0	1588.0	0.0	0.0	0.75	0.0	NPL,LOC100505918,PXDNL,ARHGAP44,LINC00308,STAP1,WWOX,ADAMTS19,CXCL13
UP00232_1_Dobox4_3956.2	1.0	1.0	0.0	1600.0	0.0	0.0	0.0	0.0	
UP00149_1_Phox2b_3948.1	1.0	1.0	0.0	1600.0	0.0	0.0	0.0	0.0	
UP00229_1_Otx1_2325.1	1.0	1.0	0.0	1600.0	0.0	0.0	0.0	0.0	
UP00235_1_Hoxc11_3718.2	1.0	1.0	2.0	1598.0	0.0	0.0	0.13	0.0	FREM3,MTRNR2L5
UP00032_1_Gata3_primary	1.0	1.0	0.0	1600.0	0.0	0.0	0.0	0.0	
IRF8_IECS_HAND_KANO	1.0	1.0	2.0	1598.0	0.0	0.0	0.13	0.0	ZNF2,PROM2,ZNF91
UP00082_2_Zfp187_secondary	1.0	1.0	3.0	1597.0	0.0	0.0	0.19	0.0	ENPEP,TNR
UP00158_1_Pou1f1_3818.1	1.0	1.0	2.0	1598.0	0.0	0.0	0.13	0.0	EMX2,WWOX
MA0112.2.ESR1	1.0	1.0	3.0	1597.0	0.0	0.0	0.19	0.0	
MA0050.1.IRF1	1.0	1.0	9.0	1591.0	0.0	0.0	0.56	0.0	RNF6,GRIN2A,MRPS9
UP00061_1_Foxl1_primary	1.0	1.0	4.0	1596.0	0.0	0.0	0.25	0.0	NMS,SGCZ,PDCL3,C4orf27
UP00100_2_Gata6_secondary	1.0	1.0	3.0	1597.0	0.0	0.0	0.19	0.0	RNF130,GAREM
UP00088_2_Plagl1_secondary	1.0	1.0	3.0	1597.0	0.0	0.0	0.19	0.0	RP1
UP00102_2_Zic1_secondary	1.0	1.0	6.0	1594.0	0.0	0.0	0.38	0.0	ADAM3A,KCNH8,NTRK2,MIR5694,FLJ31662
UP00210_1_Mrg2_2302.1	1.0	1.0	0.0	1600.0	0.0	0.0	0.0	0.0	
UP00016_2_Sry_secondary	1.0	1.0	1.0	1599.0	0.0	0.0	0.06	0.0	C4orf27
MA0062.2.GABPA	1.0	1.0	1.0	1599.0	0.0	0.0	0.06	0.0	JAKMIP1
UP00083_1_Tcf7l2_primary	1.0	1.0	1.0	1599.0	0.0	0.0	0.06	0.0	PGLYRP3,LOR
UP00245_1_Hoxc10_2779.2	1.0	1.0	2.0	1598.0	0.0	0.0	0.13	0.0	FREM3,MTRNR2L5
UP00031_1_Zbtb3_primary	1.0	1.0	17.0	1583.0	0.0	0.0	1.06	0.0	GPR12,CNTN5,C8orf4,STXBP5L,PYROXD1,PCDH15,ARMC4,NPHP3-AS1
UP00018_2_Irf4_secondary	1.0	1.0	1.0	1599.0	0.0	0.0	0.06	0.0	ABCA8,ABCA9
UP00006_1_Zic3_primary	1.0	1.0	3.0	1597.0	0.0	0.0	0.19	0.0	TMEM132C
UP00093_1_Klf7_primary	1.0	1.0	1.0	1599.0	0.0	0.0	0.06	0.0	
MA0145.1.Tcfcp2l1	1.0	1.0	2.0	1598.0	0.0	0.0	0.13	0.0	
MA0143.1.Sox2	1.0	1.0	3.0	1597.0	0.0	0.0	0.19	0.0	PGLYRP3,LOR
MA0043.1.HLF	1.0	1.0	0.0	1600.0	0.0	0.0	0.0	0.0	
MA0102.2.CEBPA	1.0	1.0	1.0	1599.0	0.0	0.0	0.06	0.0	SORCS1
UP00128_1_Pou3f2_2824.1	1.0	1.0	0.0	1600.0	0.0	0.0	0.0	0.0	
UP00208_2_Obox5_3963.2	1.0	1.0	1.0	1599.0	0.0	0.0	0.06	0.0	LOC440970
UP00074_2_Isgf3g_secondary	1.0	1.0	6.0	1594.0	0.0	0.0	0.38	0.0	EMX2OS
UP00042_1_Gm397_primary	1.0	1.0	3.0	1597.0	0.0	0.0	0.19	0.0	DTD1,GRM6,ZNF879,FLJ33581
UP00408_2_Gabpa_secondary	1.0	1.0	3.0	1597.0	0.0	0.0	0.19	0.0	ESRRG,CACNA1E,GP2
MA0076.1.ELK4	1.0	1.0	3.0	1597.0	0.0	0.0	0.19	0.0	LOC284788
MA0139.1.CTCF	1.0	1.0	1.0	1599.0	0.0	0.0	0.06	0.0	C10orf71
UP00031_2_Zbtb3_secondary	1.0	1.0	2.0	1598.0	0.0	0.0	0.13	0.0	
UP00143_1_Dobox5_3493.1	1.0	1.0	0.0	1600.0	0.0	0.0	0.0	0.0	
UP00092_1_Myb_primary	1.0	1.0	0.0	1600.0	0.0	0.0	0.0	0.0	
UP00039_1_Foxj3_primary	1.0	1.0	2.0	1598.0	0.0	0.0	0.13	0.0	SGCZ
UP00015_1_Ehf_primary	1.0	1.0	2.0	1598.0	0.0	0.0	0.13	0.0	ZBTB16
UP00017_3_Nkx3-1_2923.2	1.0	1.0	1.0	1599.0	0.0	0.0	0.06	0.0	SCLT1
UP00096_1_Sox13_primary	1.0	1.0	1.0	1599.0	0.0	0.0	0.06	0.0	
UP00042_2_Gm397_secondary	1.0	1.0	7.0	1593.0	0.0	0.0	0.44	0.0	WNT7A,ZNF804B,MYEOV2,LOC91948
UP00139_1_Nkx1-2_3214.1	1.0	1.0	1.0	1599.0	0.0	0.0	0.06	0.0	
UP00091_1_Sox5_primary	1.0	1.0	1.0	1599.0	0.0	0.0	0.06	0.0	
