"koch_senescence_hypo","koch_senescence_hyper","fibroblasts_f6_hypo","fibroblasts_f8_hyper","fibroblasts_f8_hypo","fibroblasts_f6_hyper"
"MA0004.1.Arnt",1e-100,1e-100,1e-100,1e-100,1e-100,1e-100
"MA0104.1.Mycn",1e-100,1e-100,1e-100,1e-100,1e-100,1e-100
"MA0006.1.Arnt::Ahr",1e-100,1e-100,1e-100,1e-100,1e-100,1e-100
"MA0098.1.ETS1",1e-100,1e-100,1e-100,1e-100,1e-100,1e-100
"MA0003.1.TFAP2A",0.000146733687161,3.6745275489e-08,2.87056212134e-09,2.72779904459e-05,0.00316634824232,1.01627556892e-06
"MA0162.1.Egr1",0.000850996373098,5.2911772741e-09,3.34132721491e-11,0.000769867846076,0.00165410057576,9.19451675655e-05
"MA0018.2.CREB1",0.0026556785909,1.31967288923e-05,5.89528426076e-14,4.2430599958e-05,0.00882582435709,0.00743712213578
"MA0076.1.ELK4",0.06,0.00265251013696,1.96748173309e-11,2.72779904459e-05,2.44806994676e-08,1.59873397398e-06
"UP00065_1_Zfp161_primary",0.06,3.32288766092e-06,0.000834694651033,0.06,0.000289109318891,0.0433178912162
"UP00065_2_Zfp161_secondary",0.06,0.000652209600472,0.000395701852755,0.06,1e-100,1e-100
"MA0039.2.Klf4",0.06,0.00117579067093,1.20845582829e-06,0.06,7.87908188982e-06,3.33828197419e-07
"klf4_homer",0.06,0.06,0.00336410704644,0.06,0.00115575132173,0.000134126450761
"MA0146.1.Zfx",0.06,0.06,5.04930541823e-11,0.06,1e-100,1e-100
"MA0079.1.SP1",0.06,0.06,6.22578211207e-10,0.06,1e-100,1e-100
"MA0056.1.MZF1_1-4",1.01368809013e-07,0.000105320693382,1.90647497789e-11,1.78869166561e-05,0.06,0.06
"UP00000_2_Smad3_secondary",7.52259347037e-08,4.7700876582e-10,0.000182493417337,0.06,0.06,0.06
"MA0104.2.Mycn",1e-100,0.043465798162,0.00973489186687,0.02227440938,0.06,0.06
"MA0147.1.Myc",5.88418203051e-13,0.06,0.00137767428033,0.00158017188532,0.0405536197906,0.06
"MA0058.1.MAX",1e-100,0.06,1.00249261281e-06,0.0116809369606,0.06,0.06
"MA0130.1.ZNF354C",0.00331530149724,0.06,1e-100,2.4538305653e-06,0.06,0.06
"MA0259.1.HIF1A::ARNT",0.000110544698943,0.06,1.5059997005e-07,0.00439105081628,0.06,0.06
"UP00057_1_Zic2_primary",0.0173235203245,0.06,0.000364528887375,0.06,0.06,0.0143183259635
"UP00006_1_Zic3_primary",0.025700802209,0.06,0.000364528887375,0.06,0.06,0.06
"UP00060_2_Max_secondary",0.00235648438292,0.06,0.0156930825669,0.06,0.06,0.06
"MA0059.1.MYC::MAX",1e-100,0.06,0.0241620131749,0.06,0.06,0.06
"MA0028.1.ELK1",0.06,0.0422651353724,1e-100,0.00139452611734,0.06,4.25744572373e-05
"MA0062.2.GABPA",0.06,0.06,0.00104668668979,0.00193849089384,0.06,0.00743712213578
"UP00102_1_Zic1_primary",0.06,0.06,0.06,0.0116809369606,0.06,0.06
"UP00042_2_Gm397_secondary",0.06,0.06,1e-100,6.74395372435e-07,0.06,0.06
"UP00026_1_Zscan4_primary",0.06,0.06,2.32339107398e-07,0.00950945636964,0.06,0.06
"MA0067.1.Pax2",0.0264218662339,0.0264130606485,3.76809467906e-06,0.06,8.06621325289e-09,0.06
"MA0095.1.YY1",0.06,0.06,0.000120932996835,0.06,0.00531572210001,0.06
"MA0062.1.GABPA",0.06,8.75334443051e-06,5.2631159797e-07,0.06,0.06,0.06
"MA0018.1.CREB1",0.06,0.00682003120303,4.47064813602e-06,0.06,0.06,0.06
"UP00020_1_Atf1_primary",0.06,0.06,0.0259734499927,0.06,0.06,0.06
"UP00002_2_Sp4_secondary",0.06,0.06,0.000245462084928,0.06,0.06,0.06
"UP00042_1_Gm397_primary",0.06,0.06,0.00490919037557,0.06,0.06,0.06
"UP00097_1_Mtf1_primary",0.06,0.06,0.00631079292103,0.06,0.06,0.06
"UP00100_2_Gata6_secondary",0.06,0.06,0.06,0.06,0.06,0.000288192457764
"UP00031_1_Zbtb3_primary",0.06,0.06,0.06,0.06,0.0015419899279,0.00122511775005
"MA0111.1.Spz1",0.06,0.06,0.06,0.06,0.0222237536135,0.000154816868726
"UP00003_2_E2F3_secondary",0.06,0.06,0.06,0.06,0.00691730608186,0.06
"MA0071.1.RORA_1",0.06,0.06,0.06,0.06,0.00138561759658,0.06
"UP00066_1_Hnf4a_primary",0.06,0.06,0.06,0.06,3.60483398512e-05,0.06
"MA0158.1.HOXA5",0.06,0.06,0.06,0.06,5.89528426076e-12,0.06
"UP00053_1_Rxra_primary",0.06,0.06,0.06,0.06,5.90396933331e-06,0.06
"UP00018_2_Irf4_secondary",0.06,0.0422651353724,0.06,0.06,0.06,0.06
"UP00005_1_Tcfap2a_primary",0.06,0.0223693505101,0.06,0.06,0.06,0.06
"UP00010_2_Tcfap2b_secondary",0.06,0.0223693505101,0.06,0.06,0.06,0.06
"UP00408_1_Gabpa_primary",0.0421582342942,0.06,0.06,0.06,0.06,0.06
"MA0131.1.MIZF",0.06,0.06,0.06,0.0432816521702,0.06,0.06
"UP00103_1_Jundm2_primary",0.06,0.06,0.0493328895827,0.06,0.06,0.06
"UP00001_1_E2F2_primary",0.06,0.000284496691219,0.06,0.06,0.06,0.00249242245981
"UP00003_1_E2F3_primary",0.06,9.44805706468e-05,0.06,0.06,0.0269603452119,0.06
"MA0024.1.E2F1",0.06,1.40395925998e-05,0.06,0.06,0.0429305083848,0.06
"UP00011_2_Irf6_secondary",0.06,0.000805080063819,0.06,0.0271048320022,0.06,0.06
"UP00093_1_Klf7_primary",0.0397309706894,0.00288107210017,0.06,0.06,0.06,0.06
"UP00043_2_Bcl6b_secondary",0.06,2.81558105719e-08,0.06,0.06,0.06,0.06
"UP00028_1_Tcfap2e_primary",0.06,0.00235068730427,0.06,0.06,0.06,0.06
"UP00007_1_Egr1_primary",0.06,0.00575002786109,0.06,0.06,0.06,0.06
"UP00049_1_Sp100_primary",0.06,0.00682003120303,0.06,0.06,0.06,0.06
"UP00087_1_Tcfap2c_primary",0.06,0.00722513284725,0.06,0.06,0.06,0.06
"UP00093_2_Klf7_secondary",3.7095906625e-05,0.00617133134207,0.06,0.06,0.06,0.06
"UP00033_2_Zfp410_secondary",0.0044666400095,5.70345171091e-09,0.06,0.06,0.06,0.06
"MA0079.2.SP1",0.00996298838278,1.11457509888e-11,0.06,0.06,0.06,0.06
"UP00070_1_Gcm1_primary",0.00840225848064,0.06,0.06,0.06,0.06,0.06
"UP00117_1_Hoxd11_3873.1",0.00484788615941,0.06,0.06,0.06,0.06,0.06
"UP00059_2_Arid5a_secondary",0.00574072396138,0.06,0.06,0.06,0.06,0.06
"UP00040_2_Irf5_secondary",1.39967211988e-05,0.06,0.06,0.06,0.06,0.06
"UP00081_1_Mybl1_primary",2.65964986604e-05,0.06,0.06,0.06,0.06,0.06
"UP00092_1_Myb_primary",2.65964986604e-05,0.06,0.06,0.06,0.06,0.06
"UP00060_1_Max_primary",1e-100,0.06,0.06,0.06,0.06,0.06
"UP00072_2_IRC900814_secondary",4.78949657712e-10,0.06,0.06,0.06,0.06,0.06
"UP00114_1_Homez_1063.2",8.99320917847e-07,0.06,0.06,0.06,0.06,0.06
"UP00072_1_IRC900814_primary",1.79029599401e-06,0.06,0.06,0.06,0.06,0.06
