	f6hyper_in_lamina	f6hypo_in_lamina	f8hyper_in_lamina	f8hypo_in_lamina	fibroblasts_f6_hyper	fibroblasts_f6_hypo	fibroblasts_f8_hyper	fibroblasts_f8_hypo	koch_senescence_hyper	koch_senescence_hyper_in_lamina	koch_senescence_hypo	koch_senescence_hypo_in_lamina
UP00079_1_Esrra_primary	1.0	1.0	1.0	1.0	1.0	1.0	1.0	0.999999909417	1.0	1.0	1.0	1.0
UP00000_2_Smad3_secondary	0.999995581429	0.892737546375	1.0	1.0	0.210858980944	0.000182493417337	1.0	0.365538711827	4.7700876582e-10	1.0	7.52259347037e-08	1.39690170486e-05
MA0163.1.PLAG1	0.999997962498	1.0	1.0	1.0	0.994182263043	1.0	0.995827172301	0.990431507017	0.984030304137	1.0	1.0	1.0
MA0152.1.NFATC2	1.0	1.0	1.0	1.0	1.0	1.0	1.0	1.0	1.0	1.0	1.0	1.0
UP00228_1_Bapx1_2343.1	1.0	1.0	1.0	1.0	1.0	1.0	1.0	1.0	1.0	1.0	1.0	1.0
MA0137.1.STAT1	1.0	1.0	1.0	1.0	1.0	1.0	1.0	1.0	1.0	1.0	1.0	1.0
UP00104_1_Hmx1_3423.1	1.0	1.0	1.0	1.0	1.0	1.0	1.0	1.0	1.0	1.0	1.0	1.0
MA0078.1.Sox17	1.0	1.0	1.0	1.0	1.0	1.0	1.0	1.0	1.0	1.0	1.0	1.0
UP00040_2_Irf5_secondary	1.0	1.0	1.0	1.0	1.0	1.0	0.998692443043	1.0	1.0	1.0	1.39967211988e-05	0.763358716509
MA0055.1.Myf	1.0	0.992712314302	1.0	1.0	0.999999888349	0.767377892029	0.999999999845	1.0	1.0	1.0	1.0	1.0
MA0156.1.FEV	1.0	1.0	1.0	1.0	1.0	1.0	1.0	1.0	1.0	1.0	1.0	1.0
UP00017_2_Nkx3-1_secondary	1.0	1.0	1.0	1.0	1.0	1.0	1.0	1.0	1.0	1.0	1.0	1.0
MA0111.1.Spz1	0.999962569992	1.0	1.0	1.0	0.000154816868726	1.0	1.0	0.0222237536135	1.0	1.0	1.0	1.0
UP00106_1_Vax2_3500.1	1.0	1.0	1.0	1.0	1.0	1.0	1.0	1.0	1.0	1.0	1.0	1.0
UP00051_1_Sox8_primary	1.0	1.0	1.0	1.0	1.0	1.0	1.0	1.0	1.0	1.0	1.0	1.0
UP00257_1_Shox2_2641.2	1.0	1.0	1.0	1.0	1.0	1.0	1.0	1.0	1.0	1.0	1.0	1.0
UP00067_1_Lef1_primary	1.0	1.0	1.0	1.0	1.0	1.0	1.0	1.0	1.0	1.0	1.0	1.0
MA0041.1.Foxd3	1.0	1.0	1.0	1.0	1.0	1.0	1.0	1.0	1.0	1.0	1.0	1.0
UP00071_1_Sox21_primary	1.0	1.0	1.0	1.0	1.0	1.0	1.0	1.0	1.0	1.0	1.0	1.0
UP00004_1_Sox14_primary	1.0	1.0	1.0	1.0	1.0	1.0	1.0	1.0	1.0	1.0	1.0	1.0
UP00206_1_Hoxb7_3953.1	1.0	1.0	1.0	1.0	1.0	1.0	1.0	1.0	1.0	1.0	1.0	1.0
UP00075_1_Sox15_primary	1.0	1.0	1.0	1.0	1.0	1.0	1.0	1.0	1.0	1.0	1.0	1.0
UP00226_1_Mrg1_2246.2	1.0	1.0	1.0	1.0	1.0	1.0	1.0	1.0	1.0	1.0	1.0	1.0
UP00023_1_Sox30_primary	1.0	1.0	1.0	1.0	1.0	1.0	1.0	1.0	1.0	1.0	1.0	1.0
MA0019.1.Ddit3::Cebpa	1.0	1.0	1.0	1.0	1.0	1.0	1.0	0.990431507017	1.0	1.0	1.0	1.0
UP00244_1_Tlx2_3498.2	1.0	1.0	1.0	1.0	1.0	1.0	1.0	1.0	1.0	1.0	1.0	1.0
UP00159_1_Six2_2307.2	1.0	1.0	1.0	1.0	1.0	1.0	1.0	1.0	1.0	1.0	1.0	1.0
UP00100_1_Gata6_primary	1.0	1.0	1.0	1.0	1.0	1.0	1.0	1.0	1.0	1.0	1.0	1.0
MA0072.1.RORA_2	1.0	1.0	1.0	1.0	1.0	1.0	1.0	1.0	1.0	1.0	1.0	1.0
UP00087_2_Tcfap2c_secondary	1.0	1.0	1.0	1.0	1.0	0.998736365237	1.0	1.0	1.0	1.0	1.0	1.0
UP00183_1_Hoxa13_3126.1	1.0	1.0	1.0	1.0	1.0	1.0	1.0	1.0	1.0	1.0	0.999999952494	1.0
UP00081_2_Mybl1_secondary	1.0	1.0	1.0	1.0	1.0	1.0	1.0	1.0	1.0	1.0	1.0	1.0
UP00253_1_Rax_3443.1	1.0	1.0	1.0	1.0	1.0	1.0	1.0	1.0	1.0	1.0	1.0	1.0
MA0150.1.NFE2L2	1.0	1.0	1.0	1.0	1.0	1.0	1.0	1.0	1.0	1.0	1.0	1.0
UP00240_1_Cdx1_2245.1	1.0	1.0	1.0	1.0	1.0	1.0	1.0	1.0	1.0	1.0	1.0	1.0
UP00201_1_Emx2_3420.1	1.0	1.0	1.0	1.0	1.0	1.0	1.0	1.0	1.0	1.0	1.0	1.0
UP00230_1_Dlx5_3419.2	1.0	1.0	1.0	1.0	1.0	1.0	1.0	1.0	1.0	1.0	1.0	1.0
UP00168_1_Hoxd8_2644.1	1.0	1.0	1.0	1.0	1.0	1.0	1.0	1.0	1.0	1.0	1.0	1.0
UP00391_1_Hoxa3_primary	1.0	1.0	1.0	1.0	1.0	1.0	1.0	1.0	1.0	1.0	1.0	1.0
MA0148.1.FOXA1	1.0	1.0	1.0	1.0	1.0	1.0	1.0	1.0	1.0	1.0	1.0	1.0
UP00182_1_Hoxa6_1040.1	1.0	1.0	1.0	1.0	1.0	1.0	1.0	1.0	1.0	1.0	1.0	1.0
UP00099_1_Ascl2_primary	1.0	0.995931345908	1.0	1.0	1.0	0.964415925013	1.0	1.0	1.0	1.0	1.0	1.0
UP00235_1_Hoxc11_3718.2	1.0	1.0	1.0	1.0	1.0	1.0	1.0	1.0	1.0	1.0	0.999999370752	0.954567725054
UP00080_1_Gata5_primary	1.0	1.0	1.0	1.0	1.0	1.0	1.0	1.0	1.0	1.0	1.0	1.0
MA0006.1.Arnt::Ahr	0.0	0.0	2.07349935e-08	0.0	0.0	0.0	0.0	0.0	0.0	0.00119857084281	0.0	0.0
UP00047_2_Zbtb7b_secondary	1.0	1.0	1.0	1.0	0.985849762031	0.847451105145	1.0	1.0	1.0	1.0	1.0	1.0
UP00008_3_Six6_2267.4	1.0	1.0	1.0	1.0	1.0	1.0	1.0	1.0	1.0	1.0	1.0	1.0
UP00024_1_Glis2_primary	1.0	1.0	1.0	1.0	1.0	1.0	1.0	1.0	1.0	1.0	1.0	1.0
UP00025_1_Foxk1_primary	1.0	1.0	1.0	1.0	1.0	1.0	1.0	1.0	1.0	1.0	1.0	1.0
MA0161.1.NFIC	1.0	1.0	1.0	0.999999999999	1.0	0.993713996362	0.0619000420996	1.0	1.0	1.0	1.0	0.99733088377
UP00248_1_Pax7_3783.1	1.0	1.0	1.0	1.0	1.0	1.0	1.0	1.0	1.0	1.0	1.0	1.0
UP00107_1_Nkx2-4_3074.1	1.0	1.0	1.0	1.0	1.0	1.0	1.0	1.0	1.0	1.0	1.0	1.0
UP00089_3_Tcf1_2666.2	1.0	1.0	1.0	1.0	1.0	1.0	1.0	1.0	1.0	1.0	1.0	1.0
UP00050_2_Bhlhb2_secondary	1.0	1.0	1.0	1.0	1.0	1.0	1.0	1.0	1.0	1.0	1.0	1.0
UP00406_1_Spdef_primary	1.0	0.999999999991	0.153509810422	0.997945532617	0.388677770432	0.908450133922	0.766656512104	0.97041824941	0.987771399216	1.0	0.999281796509	1.0
UP00047_1_Zbtb7b_primary	1.0	1.0	1.0	1.0	1.0	1.0	1.0	1.0	1.0	1.0	1.0	1.0
MA0061.1.NF-kappaB	1.0	1.0	1.0	1.0	1.0	0.999999999781	1.0	1.0	0.987841245326	1.0	1.0	1.0
UP00267_1_Otx2_3441.1	1.0	1.0	1.0	1.0	1.0	1.0	1.0	1.0	1.0	1.0	1.0	1.0
MA0142.1.Pou5f1	1.0	1.0	1.0	1.0	1.0	1.0	1.0	1.0	1.0	1.0	1.0	1.0
UP00030_1_Sox11_primary	1.0	1.0	1.0	1.0	1.0	1.0	1.0	1.0	1.0	1.0	1.0	1.0
UP00018_1_Irf4_primary	1.0	1.0	1.0	0.99999992944	1.0	1.0	1.0	1.0	1.0	1.0	1.0	1.0
UP00084_1_Gmeb1_primary	1.0	0.997602178066	1.0	1.0	1.0	0.583886495176	0.999989840738	1.0	0.0543443989417	1.0	0.999984819705	1.0
MA0018.2.CREB1	0.987504147892	2.30840365878e-06	0.00699977674513	0.76603252439	0.00743712213578	5.89528426076e-14	4.2430599958e-05	0.00882582435709	1.31967288923e-05	1.0	0.0026556785909	1.0
UP00081_1_Mybl1_primary	1.0	1.0	1.0	1.0	1.0	1.0	1.0	1.0	0.99999999904	1.0	2.65964986604e-05	0.322333075456
MA0067.1.Pax2	1.0	0.000496091452685	1.0	9.59726987178e-05	0.999856820652	3.76809467906e-06	0.107493457778	8.06621325289e-09	0.0264130606485	1.0	0.0264218662339	0.999904299072
MA0098.1.ETS1	0.100578442932	0.0	0.0	0.0003358111861	0.0	0.0	0.0	0.0	0.0	0.00131913849735	0.0	1.75406451007e-05
UP00155_1_Hmx2_3424.3	1.0	1.0	1.0	1.0	1.0	1.0	1.0	1.0	1.0	1.0	1.0	1.0
MA0068.1.Pax4	1.0	1.0	1.0	1.0	1.0	1.0	1.0	1.0	1.0	1.0	1.0	1.0
UP00041_1_Foxj1_primary	1.0	1.0	1.0	1.0	1.0	1.0	1.0	1.0	1.0	1.0	1.0	1.0
UP00142_1_Uncx4.1_2281.2	1.0	1.0	1.0	1.0	1.0	1.0	1.0	1.0	1.0	1.0	1.0	1.0
MA0141.1.Esrrb	1.0	1.0	1.0	1.0	1.0	1.0	1.0	1.0	1.0	1.0	1.0	1.0
MA0122.1.Nkx3-2	1.0	1.0	1.0	1.0	1.0	1.0	1.0	1.0	1.0	1.0	1.0	1.0
UP00181_1_Barx1_2877.1	1.0	1.0	1.0	1.0	1.0	1.0	1.0	1.0	1.0	1.0	1.0	1.0
UP00243_1_Isx_3445.1	1.0	1.0	1.0	1.0	1.0	1.0	1.0	1.0	1.0	1.0	1.0	1.0
UP00035_1_Hic1_primary	1.0	1.0	1.0	0.999946125258	1.0	1.0	1.0	1.0	1.0	1.0	1.0	1.0
UP00160_1_Obox3_3439.1	1.0	1.0	1.0	1.0	1.0	1.0	1.0	1.0	1.0	1.0	1.0	1.0
UP00147_1_Nkx2-6_3437.1	1.0	1.0	1.0	1.0	1.0	1.0	1.0	1.0	1.0	1.0	1.0	1.0
UP00097_1_Mtf1_primary	1.0	0.988096797386	0.967698553798	1.0	1.0	0.00631079292103	0.0692821752784	1.0	0.999999999996	1.0	1.0	1.0
MA0032.1.FOXC1	1.0	1.0	1.0	1.0	1.0	1.0	1.0	1.0	1.0	1.0	1.0	1.0
UP00177_1_Hoxd12_3481.1	1.0	1.0	1.0	1.0	1.0	1.0	1.0	1.0	0.999278682036	1.0	0.146453566879	0.600162621123
UP00056_2_Rfx4_secondary	1.0	0.999999983777	1.0	1.0	1.0	1.0	1.0	1.0	1.0	1.0	1.0	1.0
UP00064_1_Sox18_primary	1.0	1.0	1.0	1.0	1.0	1.0	1.0	1.0	1.0	1.0	1.0	1.0
UP00237_1_Otp_3496.1	1.0	1.0	1.0	1.0	1.0	1.0	1.0	1.0	1.0	1.0	1.0	1.0
UP00029_1_Tbp_primary	1.0	1.0	1.0	1.0	1.0	1.0	1.0	1.0	1.0	1.0	1.0	1.0
UP00166_1_Barhl1_2590.2	1.0	1.0	1.0	1.0	1.0	1.0	1.0	1.0	1.0	1.0	1.0	1.0
UP00012_1_Bbx_primary	1.0	1.0	1.0	1.0	1.0	1.0	1.0	1.0	1.0	1.0	1.0	1.0
UP00070_2_Gcm1_secondary	1.0	0.999999983777	1.0	1.0	1.0	1.0	1.0	1.0	1.0	1.0	1.0	1.0
UP00250_1_Irx5_2385.1	1.0	1.0	1.0	1.0	1.0	1.0	1.0	1.0	1.0	1.0	1.0	1.0
UP00238_1_Nkx6-3_3446.1	1.0	1.0	1.0	1.0	1.0	1.0	1.0	1.0	1.0	1.0	1.0	1.0
MA0073.1.RREB1	1.0	1.0	1.0	1.0	1.0	1.0	0.998914147321	1.0	1.0	1.0	1.0	1.0
MA0037.1.GATA3	1.0	1.0	1.0	1.0	1.0	1.0	1.0	1.0	1.0	1.0	1.0	1.0
MA0071.1.RORA_1	1.0	1.0	1.0	0.315676387799	0.99999999616	1.0	1.0	0.00138561759658	1.0	1.0	1.0	1.0
UP00211_1_Pou3f3_3235.2	1.0	1.0	1.0	1.0	1.0	1.0	1.0	1.0	1.0	1.0	1.0	1.0
UP00002_2_Sp4_secondary	1.0	0.562818206099	1.0	0.391980669222	0.891331765178	0.000245462084928	1.0	0.067476543077	0.147276711014	1.0	0.927692338943	0.600162621123
UP00040_1_Irf5_primary	1.0	1.0	1.0	0.999921404847	1.0	1.0	1.0	1.0	1.0	1.0	1.0	1.0
MA0070.1.PBX1	1.0	1.0	1.0	1.0	1.0	1.0	1.0	1.0	1.0	1.0	1.0	1.0
UP00212_1_Lhx5_2279.1	1.0	1.0	1.0	1.0	1.0	1.0	1.0	1.0	1.0	1.0	1.0	1.0
UP00030_2_Sox11_secondary	1.0	1.0	1.0	1.0	1.0	1.0	1.0	1.0	1.0	1.0	1.0	1.0
MA0077.1.SOX9	1.0	1.0	1.0	1.0	1.0	1.0	1.0	1.0	1.0	1.0	1.0	1.0
UP00070_1_Gcm1_primary	1.0	0.105561134756	1.0	0.990621841766	1.0	0.114042393184	1.0	0.999926263031	1.0	1.0	0.00840225848064	0.600162621123
UP00023_2_Sox30_secondary	1.0	1.0	1.0	1.0	1.0	1.0	1.0	1.0	1.0	1.0	1.0	1.0
UP00200_2_Nkx6-1_2825.2	1.0	1.0	1.0	1.0	1.0	1.0	1.0	1.0	1.0	1.0	1.0	1.0
UP00179_1_Pou2f3_3986.2	1.0	1.0	1.0	1.0	1.0	1.0	1.0	1.0	1.0	1.0	1.0	1.0
UP00027_1_Osr1_primary	1.0	1.0	1.0	1.0	1.0	1.0	1.0	1.0	1.0	1.0	1.0	1.0
MA0104.2.Mycn	1.0	0.665590799305	1.0	0.0158660512644	0.930365842969	0.00973489186687	0.02227440938	0.0514548483562	0.043465798162	1.0	0.0	5.18848356501e-08
UP00073_1_Foxa2_primary	1.0	1.0	1.0	1.0	1.0	1.0	1.0	1.0	1.0	1.0	1.0	1.0
UP00007_1_Egr1_primary	1.0	1.0	1.0	1.0	1.0	0.999999466878	0.999992736959	1.0	0.00575002786109	1.0	0.999281796509	1.0
UP00007_2_Egr1_secondary	1.0	1.0	1.0	1.0	1.0	1.0	1.0	1.0	1.0	1.0	1.0	1.0
UP00101_2_Sox12_secondary	1.0	1.0	1.0	1.0	1.0	1.0	1.0	1.0	1.0	1.0	1.0	1.0
UP00105_1_Pou3f4_3773.1	1.0	1.0	1.0	1.0	1.0	1.0	1.0	1.0	1.0	1.0	1.0	1.0
MA0132.1.Pdx1	1.0	1.0	1.0	1.0	1.0	1.0	1.0	1.0	1.0	1.0	1.0	1.0
UP00252_1_Hoxc5_2630.2	1.0	1.0	1.0	1.0	1.0	1.0	1.0	1.0	1.0	1.0	1.0	1.0
UP00020_1_Atf1_primary	1.0	0.986180603849	1.0	1.0	1.0	0.0259734499927	1.0	1.0	0.99986220871	1.0	0.943065957738	1.0
UP00171_1_Msx3_3206.1	1.0	1.0	1.0	1.0	1.0	1.0	1.0	1.0	1.0	1.0	1.0	1.0
UP00049_2_Sp100_secondary	1.0	1.0	1.0	1.0	1.0	0.996544084573	1.0	1.0	0.999984441986	1.0	1.0	1.0
MA0018.1.CREB1	1.0	0.0273450540017	0.999995055644	1.0	0.989304106048	4.47064813602e-06	1.0	1.0	0.00682003120303	1.0	0.999923882634	1.0
UP00010_1_Tcfap2b_primary	1.0	1.0	1.0	1.0	1.0	0.999999995483	0.999999804911	1.0	0.935476919519	1.0	1.0	1.0
MA0079.2.SP1	1.0	0.999999998251	0.999998966238	1.0	0.63922382076	0.635239640269	0.965192340756	0.999980057192	1.11457509888e-11	1.0	0.00996298838278	0.999999993918
UP00069_1_Sox1_primary	1.0	1.0	1.0	1.0	1.0	1.0	1.0	1.0	1.0	1.0	1.0	1.0
UP00001_2_E2F2_secondary	1.0	1.0	1.0	1.0	1.0	1.0	1.0	0.960801828923	1.0	1.0	1.0	1.0
UP00054_1_Tcf7_primary	1.0	1.0	1.0	1.0	1.0	1.0	1.0	1.0	1.0	1.0	1.0	1.0
MA0059.1.MYC::MAX	1.0	0.986494550526	1.0	1.0	1.0	0.0241620131749	0.999999973771	1.0	0.999999634817	1.0	0.0	4.15001366605e-13
UP00096_2_Sox13_secondary	1.0	1.0	1.0	1.0	1.0	1.0	1.0	1.0	1.0	1.0	1.0	1.0
UP00227_1_Duxl_1286.2	1.0	1.0	1.0	1.0	1.0	1.0	1.0	1.0	1.0	1.0	1.0	1.0
MA0149.1.EWSR1-FLI1	1.0	1.0	1.0	1.0	1.0	1.0	1.0	1.0	1.0	1.0	1.0	1.0
UP00261_1_Lhx4_1719.2	1.0	1.0	1.0	1.0	1.0	1.0	1.0	1.0	1.0	1.0	1.0	1.0
UP00258_1_Tgif2_3451.1	1.0	1.0	1.0	1.0	1.0	1.0	1.0	1.0	1.0	1.0	1.0	1.0
UP00135_1_Hoxc12_3480.1	1.0	1.0	1.0	1.0	1.0	1.0	1.0	1.0	0.99999283817	1.0	0.927692338943	0.999999587372
UP00203_1_Pknox1_2364.2	1.0	1.0	1.0	1.0	1.0	1.0	1.0	1.0	1.0	1.0	1.0	1.0
UP00103_1_Jundm2_primary	1.0	1.0	1.0	1.0	1.0	0.0493328895827	0.99999999999	1.0	0.98389505584	1.0	1.0	1.0
UP00034_2_Sox7_secondary	1.0	1.0	1.0	1.0	1.0	1.0	1.0	1.0	1.0	1.0	1.0	1.0
MA0047.1.Foxa2	1.0	1.0	1.0	1.0	1.0	1.0	1.0	1.0	1.0	1.0	1.0	1.0
MA0100.1.Myb	1.0	1.0	1.0	1.0	1.0	0.167193359673	1.0	1.0	0.999972519502	1.0	1.0	1.0
UP00185_1_Pbx1_3203.1	1.0	1.0	1.0	1.0	1.0	1.0	1.0	1.0	1.0	1.0	1.0	1.0
UP00223_1_Irx3_0920.1	1.0	1.0	1.0	1.0	1.0	1.0	1.0	1.0	1.0	1.0	1.0	1.0
UP00057_2_Zic2_secondary	1.0	1.0	1.0	0.997398961465	1.0	0.952137077671	1.0	0.999999999948	1.0	1.0	1.0	1.0
UP00071_2_Sox21_secondary	1.0	1.0	1.0	1.0	1.0	1.0	1.0	1.0	1.0	1.0	1.0	1.0
UP00054_2_Tcf7_secondary	1.0	1.0	1.0	1.0	1.0	1.0	1.0	1.0	1.0	1.0	1.0	1.0
MA0104.1.Mycn	0.000347854257167	0.0	3.67252894762e-11	8.76995143173e-11	0.0	0.0	0.0	0.0	0.0	0.193594736277	0.0	0.0
MA0113.1.NR3C1	1.0	1.0	1.0	1.0	1.0	1.0	1.0	1.0	1.0	1.0	1.0	1.0
UP00164_1_Hoxa7_2668.2	1.0	1.0	1.0	1.0	1.0	1.0	1.0	1.0	1.0	1.0	1.0	1.0
UP00246_1_Hoxa11_2218.1	1.0	1.0	1.0	1.0	1.0	1.0	1.0	1.0	1.0	1.0	0.204402761397	0.0694596572621
UP00068_2_Eomes_secondary	1.0	1.0	1.0	1.0	1.0	0.999793226432	0.989974178481	1.0	0.0816086910713	1.0	1.0	1.0
UP00264_1_Hoxa1_3425.1	1.0	1.0	1.0	1.0	1.0	1.0	1.0	1.0	1.0	1.0	1.0	1.0
UP00184_1_Lhx8_2247.2	1.0	1.0	1.0	1.0	1.0	1.0	1.0	1.0	1.0	1.0	1.0	1.0
UP00123_1_Hlxb9_3422.1	1.0	1.0	1.0	1.0	1.0	1.0	1.0	1.0	1.0	1.0	1.0	1.0
UP00191_1_Pou2f2_3748.1	1.0	1.0	1.0	1.0	1.0	1.0	1.0	1.0	1.0	1.0	1.0	1.0
MA0024.1.E2F1	1.0	1.0	1.0	1.0	0.597511525852	0.626366595582	0.999999999998	0.0429305083848	1.40395925998e-05	0.999995710806	1.0	1.0
MA0109.1.Hltf	1.0	1.0	1.0	1.0	1.0	1.0	1.0	1.0	1.0	1.0	1.0	1.0
MA0027.1.En1	1.0	1.0	1.0	1.0	1.0	1.0	1.0	1.0	1.0	1.0	1.0	1.0
UP00195_1_Six3_1732.2	1.0	1.0	1.0	1.0	1.0	1.0	1.0	1.0	1.0	1.0	1.0	1.0
MA0136.1.ELF5	1.0	1.0	1.0	1.0	1.0	1.0	1.0	1.0	1.0	1.0	1.0	1.0
MA0004.1.Arnt	0.000347854257167	0.0	3.67252894762e-11	8.76995143173e-11	0.0	0.0	0.0	0.0	0.0	0.193594736277	0.0	0.0
UP00027_2_Osr1_secondary	1.0	1.0	1.0	1.0	1.0	1.0	1.0	1.0	1.0	1.0	1.0	1.0
UP00098_1_Rfx3_primary	1.0	1.0	1.0	1.0	1.0	1.0	1.0	1.0	1.0	1.0	1.0	1.0
UP00094_2_Zfp128_secondary	1.0	1.0	1.0	1.0	1.0	1.0	1.0	1.0	1.0	1.0	1.0	1.0
UP00130_1_Lhx3_3431.1	1.0	1.0	1.0	1.0	1.0	1.0	1.0	1.0	1.0	1.0	1.0	1.0
UP00120_1_Lbx2_3869.2	1.0	1.0	1.0	1.0	1.0	1.0	1.0	1.0	1.0	1.0	1.0	1.0
UP00000_1_Smad3_primary	1.0	1.0	1.0	1.0	1.0	1.0	0.999999999971	1.0	1.0	1.0	1.0	1.0
MA0144.1.Stat3	1.0	1.0	0.999999917352	1.0	1.0	1.0	0.999612161054	1.0	1.0	1.0	1.0	1.0
MA0115.1.NR1H2::RXRA	1.0	1.0	1.0	1.0	1.0	1.0	1.0	1.0	1.0	1.0	1.0	1.0
MA0039.1.Klf4	1.0	1.0	1.0	1.0	1.0	1.0	1.0	1.0	1.0	1.0	1.0	1.0
MA0090.1.TEAD1	1.0	1.0	1.0	1.0	1.0	1.0	1.0	1.0	1.0	1.0	1.0	1.0
UP00115_1_Lhx2_0953.2	1.0	1.0	1.0	1.0	1.0	1.0	1.0	1.0	1.0	1.0	1.0	1.0
MA0099.1.Fos	1.0	1.0	1.0	0.999999999998	1.0	1.0	1.0	1.0	1.0	1.0	1.0	1.0
UP00066_2_Hnf4a_secondary	1.0	1.0	1.0	1.0	1.0	1.0	1.0	1.0	1.0	1.0	1.0	1.0
MA0038.1.Gfi	1.0	1.0	1.0	1.0	1.0	1.0	1.0	1.0	1.0	1.0	1.0	1.0
UP00074_1_Isgf3g_primary	1.0	1.0	1.0	1.0	1.0	1.0	1.0	1.0	1.0	1.0	1.0	1.0
UP00205_1_Pknox2_3077.2	1.0	1.0	1.0	1.0	1.0	1.0	1.0	1.0	1.0	1.0	1.0	1.0
UP00125_1_Pitx2_2274.3	1.0	1.0	1.0	1.0	1.0	1.0	1.0	1.0	1.0	1.0	1.0	1.0
UP00036_1_Myf6_primary	1.0	1.0	1.0	1.0	1.0	0.999172224415	1.0	1.0	1.0	1.0	1.0	1.0
UP00103_2_Jundm2_secondary	1.0	1.0	1.0	1.0	1.0	1.0	1.0	1.0	1.0	1.0	1.0	1.0
UP00046_2_Tcfe2a_secondary	1.0	1.0	1.0	1.0	1.0	0.999999965445	1.0	1.0	1.0	1.0	1.0	1.0
UP00045_2_Mafb_secondary	1.0	1.0	1.0	1.0	1.0	1.0	1.0	1.0	1.0	1.0	1.0	1.0
UP00037_1_Zfp105_primary	1.0	1.0	1.0	1.0	1.0	1.0	1.0	1.0	1.0	1.0	1.0	1.0
UP00006_2_Zic3_secondary	1.0	0.999999998722	1.0	0.465144153838	1.0	0.900015276063	1.0	1.0	1.0	1.0	1.0	1.0
UP00092_2_Myb_secondary	1.0	1.0	1.0	1.0	1.0	1.0	1.0	1.0	1.0	1.0	1.0	1.0
UP00233_1_Meox1_2310.2	1.0	1.0	1.0	1.0	1.0	1.0	1.0	1.0	1.0	1.0	1.0	1.0
UP00209_2_Cart1_1275.1	1.0	1.0	1.0	1.0	1.0	1.0	1.0	1.0	1.0	1.0	1.0	1.0
MA0063.1.Nkx2-5	1.0	1.0	1.0	1.0	1.0	1.0	1.0	1.0	1.0	1.0	1.0	1.0
UP00406_2_Spdef_secondary	1.0	1.0	1.0	1.0	1.0	1.0	1.0	1.0	1.0	1.0	1.0	1.0
MA0035.1.Gata1	1.0	1.0	1.0	1.0	1.0	1.0	1.0	1.0	1.0	1.0	1.0	1.0
UP00188_1_Lmx1a_2238.2	1.0	1.0	1.0	1.0	1.0	1.0	1.0	1.0	1.0	1.0	1.0	1.0
IRF8_ISRE_KANNO	1.0	1.0	1.0	1.0	1.0	1.0	1.0	1.0	1.0	1.0	1.0	1.0
UP00078_1_Arid3a_primary	1.0	1.0	1.0	1.0	1.0	1.0	1.0	1.0	1.0	1.0	1.0	1.0
UP00223_2_Irx3_2226.1	1.0	1.0	1.0	1.0	1.0	1.0	1.0	1.0	1.0	1.0	1.0	1.0
UP00234_1_Msx1_3031.2	1.0	1.0	1.0	1.0	1.0	1.0	1.0	1.0	1.0	1.0	1.0	1.0
MA0133.1.BRCA1	1.0	1.0	1.0	1.0	1.0	1.0	1.0	1.0	1.0	1.0	1.0	1.0
UP00015_2_Ehf_secondary	1.0	1.0	1.0	1.0	1.0	1.0	1.0	1.0	1.0	1.0	0.999999999982	1.0
MA0056.1.MZF1_1-4	1.0	2.10151515457e-05	1.0	1.0	1.0	1.90647497789e-11	1.78869166561e-05	1.0	0.000105320693382	0.999957030494	1.01368809013e-07	0.0772418674599
MA0081.1.SPIB	1.0	1.0	0.997084932633	1.0	1.0	1.0	1.0	1.0	1.0	1.0	1.0	1.0
MA0099.2.AP1	1.0	1.0	1.0	1.0	1.0	1.0	1.0	1.0	1.0	1.0	1.0	1.0
UP00060_2_Max_secondary	1.0	0.935149066129	1.0	1.0	0.971982075809	0.0156930825669	1.0	0.999997522128	0.624866713836	1.0	0.00235648438292	0.00434496332144
MA0066.1.PPARG	1.0	1.0	1.0	1.0	1.0	1.0	1.0	1.0	1.0	1.0	1.0	1.0
MA0164.1.Nr2e3	1.0	1.0	1.0	1.0	1.0	1.0	1.0	1.0	1.0	1.0	1.0	1.0
MA0036.1.GATA2	1.0	1.0	1.0	1.0	1.0	1.0	1.0	1.0	1.0	1.0	1.0	1.0
UP00034_1_Sox7_primary	1.0	1.0	1.0	1.0	1.0	1.0	1.0	1.0	1.0	1.0	1.0	1.0
MA0108.1.TBP	1.0	1.0	1.0	1.0	1.0	1.0	1.0	1.0	1.0	1.0	1.0	1.0
UP00162_1_Evx1_3952.2	1.0	1.0	1.0	1.0	1.0	1.0	1.0	1.0	1.0	1.0	1.0	1.0
UP00062_1_Sox4_primary	1.0	1.0	1.0	1.0	1.0	1.0	1.0	1.0	1.0	1.0	1.0	1.0
UP00174_1_Hoxa2_3079.1	1.0	1.0	1.0	1.0	1.0	1.0	1.0	1.0	1.0	1.0	1.0	1.0
UP00127_1_Gsh2_3990.2	1.0	1.0	1.0	1.0	1.0	1.0	1.0	1.0	1.0	1.0	1.0	1.0
MA0065.2.PPARG::RXRA	1.0	1.0	1.0	1.0	1.0	1.0	1.0	1.0	1.0	1.0	1.0	1.0
UP00241_1_Hoxd3_1742.2	1.0	1.0	1.0	1.0	1.0	1.0	1.0	1.0	1.0	1.0	1.0	1.0
MA0151.1.ARID3A	1.0	1.0	1.0	1.0	1.0	1.0	1.0	1.0	1.0	1.0	1.0	1.0
UP00251_1_Esx1_3124.2	1.0	1.0	1.0	1.0	1.0	1.0	1.0	1.0	1.0	1.0	1.0	1.0
klf4_homer	1.0	0.205057358495	1.0	0.550510522582	0.000134126450761	0.00336410704644	0.999999009606	0.00115575132173	1.0	1.0	1.0	1.0
MA0002.2.RUNX1	1.0	1.0	1.0	1.0	1.0	1.0	1.0	1.0	1.0	1.0	1.0	1.0
MA0105.1.NFKB1	1.0	1.0	1.0	1.0	0.978092480903	0.999834951685	1.0	1.0	0.999971415136	1.0	1.0	1.0
UP00089_2_Tcf1_secondary	0.999999999706	1.0	1.0	0.999999768211	1.0	1.0	1.0	0.953423291462	1.0	1.0	1.0	1.0
UP00089_1_Tcf1_primary	1.0	1.0	1.0	1.0	1.0	1.0	1.0	1.0	1.0	1.0	1.0	1.0
UP00170_1_Isl2_3430.1	1.0	1.0	1.0	1.0	1.0	1.0	1.0	1.0	1.0	1.0	1.0	1.0
UP00048_1_Rara_primary	1.0	1.0	1.0	1.0	1.0	1.0	1.0	1.0	1.0	1.0	1.0	1.0
MA0101.1.REL	1.0	1.0	1.0	1.0	1.0	1.0	1.0	1.0	0.999996296704	1.0	1.0	1.0
UP00197_1_Hoxc9_2367.2	1.0	1.0	1.0	1.0	1.0	1.0	1.0	1.0	1.0	1.0	1.0	1.0
UP00222_1_Tcf2_0913.2	1.0	1.0	1.0	1.0	1.0	1.0	1.0	1.0	1.0	1.0	1.0	1.0
UP00208_1_Obox5_2284.1	1.0	1.0	1.0	1.0	1.0	1.0	1.0	1.0	1.0	1.0	1.0	1.0
UP00111_1_Dmbx1_2277.1	1.0	1.0	1.0	1.0	1.0	1.0	1.0	1.0	1.0	1.0	1.0	1.0
UP00407_2_Elf3_secondary	1.0	1.0	1.0	1.0	1.0	1.0	1.0	1.0	1.0	1.0	1.0	1.0
MA0162.1.Egr1	1.0	0.000164839851778	0.999940267732	0.729313809716	9.19451675655e-05	3.34132721491e-11	0.000769867846076	0.00165410057576	5.2911772741e-09	1.0	0.000850996373098	0.999999658965
MA0259.1.HIF1A::ARNT	0.999995581429	0.0533430860171	1.0	0.624853310354	0.94864102298	1.5059997005e-07	0.00439105081628	0.412108860807	0.987771399216	1.0	0.000110544698943	0.962358161573
UP00194_1_Irx4_2242.3	1.0	1.0	1.0	1.0	1.0	1.0	1.0	1.0	1.0	1.0	1.0	1.0
UP00256_2_Lhx6_3432.1	1.0	1.0	1.0	1.0	1.0	1.0	1.0	1.0	1.0	1.0	1.0	1.0
UP00068_1_Eomes_primary	1.0	1.0	1.0	1.0	1.0	1.0	1.0	1.0	1.0	1.0	1.0	1.0
UP00055_1_Hbp1_primary	1.0	1.0	1.0	1.0	1.0	1.0	1.0	1.0	1.0	1.0	1.0	1.0
MA0258.1.ESR2	1.0	1.0	1.0	1.0	0.999998982685	1.0	1.0	1.0	1.0	1.0	1.0	1.0
MA0159.1.RXR::RAR_DR5	1.0	0.190989714444	1.0	1.0	1.0	0.390212257021	1.0	0.999999909417	1.0	1.0	0.277514750528	1.0
UP00113_1_Hoxc4_3491.1	1.0	1.0	1.0	1.0	1.0	1.0	1.0	1.0	1.0	1.0	1.0	1.0
UP00073_2_Foxa2_secondary	1.0	1.0	1.0	1.0	1.0	1.0	1.0	1.0	1.0	1.0	1.0	1.0
UP00088_1_Plagl1_primary	1.0	1.0	1.0	1.0	0.766878218511	0.966157791841	1.0	1.0	1.0	1.0	1.0	1.0
MA0160.1.NR4A2	1.0	0.999999796948	0.99999995378	1.0	1.0	0.936155243821	0.998692443043	1.0	0.335269281398	1.0	1.0	1.0
MA0014.1.Pax5	1.0	0.989497170381	0.987003183935	1.0	1.0	0.99999999994	0.999999999489	1.0	1.0	1.0	1.0	1.0
UP00391_3_Hoxa3_2783.2	1.0	1.0	1.0	1.0	1.0	1.0	1.0	1.0	1.0	1.0	1.0	1.0
UP00039_2_Foxj3_secondary	1.0	1.0	1.0	1.0	1.0	1.0	1.0	1.0	1.0	1.0	1.0	1.0
UP00028_1_Tcfap2e_primary	1.0	0.931071678014	1.0	1.0	1.0	0.328359624136	0.107493457778	1.0	0.00235068730427	0.999999999928	1.0	1.0
MA0051.1.IRF2	1.0	1.0	1.0	1.0	1.0	1.0	1.0	1.0	1.0	1.0	1.0	1.0
UP00259_1_Hoxb6_3428.2	1.0	1.0	1.0	1.0	1.0	1.0	1.0	1.0	1.0	1.0	1.0	1.0
UP00407_1_Elf3_primary	1.0	1.0	1.0	1.0	1.0	1.0	1.0	1.0	1.0	1.0	1.0	1.0
UP00140_1_Hoxd1_3448.1	1.0	1.0	1.0	1.0	1.0	1.0	1.0	1.0	1.0	1.0	1.0	1.0
MA0084.1.SRY	1.0	1.0	1.0	1.0	1.0	1.0	1.0	1.0	1.0	1.0	1.0	1.0
UP00173_1_Hoxc13_3127.1	1.0	1.0	1.0	1.0	1.0	1.0	1.0	1.0	1.0	1.0	1.0	1.0
UP00199_1_Six4_2860.1	1.0	1.0	1.0	1.0	1.0	1.0	1.0	1.0	1.0	1.0	1.0	1.0
UP00193_2_Rhox11_2205.1	1.0	1.0	1.0	1.0	1.0	1.0	1.0	1.0	1.0	1.0	1.0	1.0
UP00044_2_Mafk_secondary	1.0	1.0	1.0	1.0	1.0	1.0	1.0	1.0	1.0	1.0	1.0	1.0
UP00121_1_Hoxd10_2368.2	1.0	1.0	1.0	1.0	1.0	1.0	1.0	1.0	1.0	1.0	1.0	1.0
UP00061_2_Foxl1_secondary	1.0	1.0	1.0	1.0	1.0	1.0	1.0	1.0	1.0	1.0	1.0	1.0
UP00052_2_Osr2_secondary	1.0	1.0	1.0	1.0	1.0	1.0	1.0	1.0	1.0	1.0	1.0	1.0
UP00112_1_Gsc_2327.3	1.0	1.0	1.0	1.0	1.0	1.0	1.0	1.0	1.0	1.0	1.0	1.0
MA0048.1.NHLH1	1.0	0.840719036798	1.0	1.0	1.0	0.307160873034	1.0	1.0	0.996489428124	1.0	0.959618195845	1.0
UP00187_1_Alx4_1744.1	1.0	1.0	1.0	1.0	1.0	1.0	1.0	1.0	1.0	1.0	1.0	1.0
UP00008_2_Six6_secondary	0.999643373302	1.0	1.0	1.0	1.0	1.0	1.0	1.0	1.0	1.0	1.0	1.0
UP00069_2_Sox1_secondary	1.0	1.0	1.0	1.0	1.0	1.0	1.0	1.0	1.0	1.0	1.0	1.0
UP00029_2_Tbp_secondary	1.0	1.0	1.0	1.0	1.0	1.0	1.0	1.0	1.0	1.0	1.0	1.0
UP00079_2_Esrra_secondary	1.0	1.0	1.0	1.0	1.0	1.0	1.0	1.0	1.0	1.0	1.0	1.0
UP00145_1_Barhl2_3868.1	1.0	1.0	1.0	1.0	1.0	1.0	1.0	1.0	1.0	1.0	1.0	1.0
UP00152_1_Arx_1738.2	1.0	1.0	1.0	1.0	1.0	1.0	1.0	1.0	1.0	1.0	1.0	1.0
UP00011_2_Irf6_secondary	1.0	1.0	1.0	1.0	0.989526343435	0.998429259401	0.0271048320022	0.932586877172	0.000805080063819	1.0	0.277514750528	0.884327264554
MA0058.1.MAX	1.0	0.0124001608063	1.0	0.999946125258	0.999250019074	1.00249261281e-06	0.0116809369606	0.344293187176	0.356438677149	1.0	0.0	5.93969318174e-14
UP00072_1_IRC900814_primary	1.0	1.0	1.0	0.421051314992	0.999999999986	0.320659360574	1.0	0.97041824941	0.0831550908261	1.0	1.79029599401e-06	0.000195369046788
UP00095_2_Zfp691_secondary	1.0	1.0	1.0	1.0	1.0	1.0	1.0	1.0	1.0	1.0	1.0	1.0
MA0075.1.Prrx2	1.0	1.0	1.0	1.0	1.0	1.0	1.0	1.0	1.0	1.0	1.0	1.0
E2A-Homer	1.0	1.0	1.0	1.0	1.0	0.635892140957	1.0	1.0	0.999999999989	1.0	1.0	1.0
MA0442.1.SOX10	1.0	1.0	1.0	1.0	1.0	1.0	1.0	1.0	1.0	1.0	1.0	1.0
MA0003.1.TFAP2A	1.0	0.289848417224	1.0	1.0	1.01627556892e-06	2.87056212134e-09	2.72779904459e-05	0.00316634824232	3.6745275489e-08	1.0	0.000146733687161	0.999995730221
UP00050_1_Bhlhb2_primary	1.0	1.0	1.0	1.0	1.0	1.0	1.0	1.0	1.0	1.0	1.0	1.0
MA0108.2.TBP	1.0	1.0	1.0	1.0	1.0	1.0	1.0	1.0	1.0	1.0	1.0	1.0
UP00161_1_Hmbox1_2674.1	1.0	1.0	1.0	1.0	1.0	1.0	1.0	1.0	1.0	1.0	1.0	1.0
UP00114_1_Homez_1063.2	1.0	1.0	1.0	1.0	1.0	1.0	1.0	1.0	0.275011063906	1.0	8.99320917847e-07	9.38777996601e-05
UP00200_1_Nkx6-1_2825.1	1.0	1.0	1.0	1.0	1.0	1.0	1.0	1.0	1.0	1.0	1.0	1.0
UP00020_2_Atf1_secondary	1.0	1.0	1.0	1.0	1.0	0.999999999305	0.999999999505	1.0	1.0	1.0	0.44816719154	0.246981096953
UP00077_2_Srf_secondary	1.0	1.0	1.0	1.0	1.0	1.0	1.0	1.0	1.0	1.0	1.0	1.0
UP00132_1_Evx2_2645.3	1.0	1.0	1.0	1.0	1.0	1.0	1.0	0.999999981235	1.0	1.0	1.0	1.0
UP00101_1_Sox12_primary	1.0	1.0	1.0	1.0	1.0	1.0	1.0	1.0	1.0	1.0	1.0	1.0
UP00186_1_Meis1_2335.1	1.0	1.0	1.0	1.0	1.0	1.0	1.0	1.0	1.0	1.0	1.0	1.0
MA0106.1.TP53	0.999999999904	1.0	1.0	0.985447238815	1.0	1.0	1.0	1.0	1.0	1.0	1.0	1.0
UP00008_4	1.0	1.0	1.0	1.0	1.0	1.0	1.0	1.0	1.0	1.0	1.0	1.0
MA0138.2.REST	1.0	1.0	1.0	1.0	0.999999999998	1.0	1.0	1.0	0.943324967864	1.0	0.246138518335	0.962358161573
MA0039.2.Klf4	0.999538621383	0.378472832507	1.0	0.46010054799	3.33828197419e-07	1.20845582829e-06	0.999787062389	7.87908188982e-06	0.00117579067093	1.0	0.850415986114	0.99712606702
UP00263_1_Hoxb8_3780.2	1.0	1.0	1.0	1.0	1.0	1.0	1.0	1.0	1.0	1.0	1.0	1.0
UP00176_1_Crx_3485.1	1.0	1.0	1.0	1.0	1.0	1.0	1.0	1.0	1.0	1.0	1.0	1.0
UP00058_2_Tcf3_secondary	1.0	1.0	1.0	1.0	1.0	1.0	1.0	1.0	1.0	1.0	1.0	1.0
UP00218_1_Dbx2_3487.1	1.0	1.0	1.0	1.0	1.0	1.0	1.0	1.0	1.0	1.0	1.0	1.0
UP00004_2_Sox14_secondary	1.0	1.0	1.0	1.0	1.0	1.0	1.0	1.0	1.0	1.0	1.0	1.0
UP00225_1_Hlx1_2350.1	1.0	1.0	1.0	1.0	1.0	1.0	1.0	1.0	1.0	1.0	1.0	1.0
UP00190_1_Nkx2-3_3435.1	1.0	1.0	1.0	1.0	1.0	1.0	1.0	1.0	1.0	1.0	1.0	1.0
UP00046_1_Tcfe2a_primary	1.0	1.0	1.0	0.999999992814	0.999999999247	0.722302228118	0.996872664511	0.999985850163	1.0	1.0	1.0	1.0
UP00033_2_Zfp410_secondary	1.0	0.998615296183	1.0	1.0	0.99999999429	0.768397646436	1.0	1.0	5.70345171091e-09	1.0	0.0044666400095	0.998686773361
UP00091_2_Sox5_secondary	1.0	1.0	1.0	1.0	1.0	1.0	1.0	1.0	1.0	1.0	1.0	1.0
UP00122_1_Tgif1_2342.2	1.0	1.0	1.0	1.0	1.0	0.99999999998	1.0	1.0	1.0	1.0	1.0	1.0
UP00249_1_Nkx2-5_3436.1	1.0	1.0	1.0	1.0	1.0	1.0	1.0	1.0	1.0	1.0	1.0	1.0
UP00391_2_Hoxa3_secondary	1.0	1.0	1.0	1.0	1.0	1.0	1.0	1.0	1.0	1.0	1.0	1.0
UP00157_1_Hmx3_3490.2	1.0	1.0	1.0	1.0	1.0	1.0	1.0	1.0	1.0	1.0	1.0	1.0
MA0074.1.RXRA::VDR	1.0	1.0	1.0	1.0	1.0	1.0	1.0	1.0	1.0	1.0	1.0	1.0
UP00215_1_Vax1_3499.1	1.0	1.0	1.0	1.0	1.0	1.0	1.0	1.0	1.0	1.0	1.0	1.0
UP00019_2_Zbtb12_secondary	1.0	1.0	1.0	1.0	1.0	1.0	1.0	1.0	1.0	1.0	1.0	1.0
UP00213_1_Hoxa9_2622.2	1.0	1.0	1.0	1.0	1.0	1.0	1.0	1.0	1.0	1.0	1.0	1.0
UP00146_2_Pou6f1_3733.1	1.0	1.0	1.0	1.0	1.0	1.0	1.0	1.0	1.0	1.0	1.0	1.0
UP00066_1_Hnf4a_primary	1.0	1.0	1.0	0.227113325314	0.994264957514	1.0	1.0	3.60483398512e-05	1.0	1.0	1.0	1.0
UP00100_2_Gata6_secondary	0.987504147892	0.999943857317	1.0	0.762199202898	0.000288192457764	0.986321135994	1.0	0.947747442343	1.0	1.0	0.981190844813	1.0
MA0009.1.T	1.0	0.999999796948	1.0	1.0	1.0	1.0	1.0	1.0	1.0	1.0	1.0	1.0
UP00036_2_Myf6_secondary	1.0	0.985411944696	1.0	1.0	0.999984190056	0.99995521697	1.0	0.683982765049	1.0	1.0	1.0	1.0
UP00192_1_Six1_0935.2	1.0	1.0	1.0	1.0	1.0	1.0	1.0	1.0	1.0	1.0	1.0	1.0
UP00204_1_Gbx1_2883.2	1.0	1.0	1.0	1.0	1.0	1.0	1.0	1.0	1.0	1.0	1.0	1.0
UP00144_1_Hoxb4_2627.1	1.0	1.0	1.0	1.0	1.0	1.0	1.0	1.0	1.0	1.0	1.0	1.0
MA0028.1.ELK1	0.999999999706	7.3002639045e-08	0.967698553798	1.0	4.25744572373e-05	0.0	0.00139452611734	0.365538711827	0.0422651353724	1.0	0.277514750528	0.364726902402
UP00129_1_Pou3f1_3819.1	1.0	1.0	1.0	1.0	1.0	1.0	1.0	1.0	1.0	1.0	1.0	1.0
UP00085_2_Sfpi1_secondary	1.0	1.0	1.0	1.0	1.0	1.0	1.0	1.0	1.0	1.0	1.0	1.0
MA0025.1.NFIL3	1.0	1.0	1.0	1.0	1.0	1.0	1.0	1.0	1.0	1.0	1.0	1.0
UP00072_2_IRC900814_secondary	1.0	1.0	1.0	1.0	1.0	0.487897326854	1.0	1.0	1.0	1.0	4.78949657712e-10	2.06364102362e-07
UP00214_1_Hoxb5_3122.2	1.0	1.0	1.0	1.0	1.0	1.0	1.0	1.0	1.0	1.0	1.0	1.0
UP00150_1_Irx6_2623.2	1.0	1.0	1.0	1.0	1.0	1.0	1.0	1.0	1.0	1.0	1.0	1.0
UP00095_1_Zfp691_primary	1.0	1.0	1.0	1.0	1.0	0.999999867921	1.0	1.0	1.0	1.0	1.0	1.0
UP00053_2_Rxra_secondary	1.0	1.0	1.0	1.0	1.0	1.0	1.0	1.0	1.0	1.0	1.0	1.0
UP00119_1_Nkx2-9_3082.1	1.0	1.0	1.0	1.0	1.0	1.0	1.0	1.0	1.0	1.0	1.0	1.0
UP00255_1_Dbx1_3486.1	1.0	1.0	1.0	1.0	1.0	1.0	1.0	1.0	1.0	1.0	1.0	1.0
MA0035.2.Gata1	1.0	1.0	1.0	1.0	1.0	1.0	1.0	1.0	1.0	1.0	1.0	1.0
UP00133_1_Cdx2_4272.1	1.0	1.0	1.0	1.0	1.0	1.0	1.0	1.0	1.0	1.0	1.0	1.0
UP00141_1_Vsx1_1728.1	1.0	1.0	1.0	1.0	1.0	1.0	1.0	1.0	1.0	1.0	1.0	1.0
UP00094_1_Zfp128_primary	1.0	1.0	1.0	1.0	1.0	1.0	1.0	1.0	1.0	1.0	0.999999999084	0.999990921492
UP00180_1_Hoxd13_2356.1	1.0	1.0	1.0	1.0	1.0	1.0	1.0	1.0	1.0	1.0	1.0	1.0
UP00051_2_Sox8_secondary	1.0	1.0	1.0	1.0	1.0	1.0	1.0	1.0	1.0	1.0	1.0	1.0
Ash2l_hand	1.0	1.0	1.0	1.0	0.404690184223	0.971580477231	0.999394504486	0.964545245937	1.0	1.0	0.997254837709	0.998639775583
MA0052.1.MEF2A	1.0	1.0	1.0	1.0	1.0	1.0	1.0	0.99195371729	1.0	1.0	1.0	1.0
MA0157.1.FOXO3	1.0	1.0	1.0	1.0	1.0	1.0	1.0	1.0	1.0	1.0	1.0	1.0
MA0116.1.Zfp423	1.0	1.0	1.0	1.0	1.0	1.0	1.0	1.0	1.0	1.0	1.0	1.0
MA0057.1.MZF1_5-13	1.0	1.0	1.0	1.0	1.0	1.0	1.0	1.0	1.0	1.0	1.0	1.0
MA0154.1.EBF1	1.0	1.0	1.0	1.0	1.0	1.0	0.999999999118	1.0	1.0	1.0	1.0	1.0
UP00021_2_Zfp281_secondary	1.0	1.0	1.0	1.0	1.0	1.0	1.0	1.0	1.0	1.0	1.0	1.0
MA0146.1.Zfx	0.877127799448	4.64742445355e-05	1.0	2.0638200293e-05	0.0	5.04930541823e-11	0.999999982197	0.0	0.258305604101	1.0	0.942603869721	1.0
UP00085_1_Sfpi1_primary	1.0	1.0	1.0	1.0	1.0	1.0	1.0	1.0	1.0	1.0	1.0	1.0
IRF8_AICS	1.0	1.0	1.0	1.0	1.0	1.0	1.0	1.0	1.0	1.0	1.0	1.0
UP00022_2_Zfp740_secondary	1.0	1.0	1.0	1.0	1.0	0.995771024308	1.0	1.0	0.403584277304	1.0	1.0	1.0
MA0112.1.ESR1	1.0	1.0	1.0	1.0	0.986148416762	0.999999999513	0.459424869955	1.0	1.0	1.0	1.0	1.0
MA0158.1.HOXA5	1.0	1.0	1.0	0.00674584784744	0.999935271488	1.0	1.0	5.89528426076e-12	1.0	1.0	1.0	1.0
UP00044_1_Mafk_primary	1.0	1.0	1.0	1.0	1.0	1.0	1.0	1.0	1.0	1.0	1.0	1.0
UP00202_1_Dlx1_1741.2	1.0	1.0	1.0	1.0	1.0	1.0	1.0	1.0	1.0	1.0	1.0	1.0
MA0137.2.STAT1	1.0	1.0	1.0	1.0	1.0	1.0	1.0	1.0	1.0	1.0	1.0	1.0
UP00065_1_Zfp161_primary	1.0	0.834598827726	0.999999999876	0.152466942737	0.0433178912162	0.000834694651033	0.962029919973	0.000289109318891	3.32288766092e-06	0.0347983936294	1.0	0.999990921492
UP00075_2_Sox15_secondary	1.0	1.0	1.0	1.0	1.0	1.0	1.0	1.0	1.0	1.0	1.0	1.0
UP00219_1_Cutl1_3494.1	1.0	1.0	1.0	1.0	1.0	1.0	1.0	1.0	1.0	1.0	1.0	1.0
UP00086_2_Irf3_secondary	1.0	1.0	1.0	1.0	1.0	1.0	1.0	1.0	1.0	1.0	1.0	1.0
UP00059_1_Arid5a_primary	1.0	1.0	1.0	1.0	1.0	1.0	1.0	1.0	1.0	1.0	1.0	1.0
UP00005_1_Tcfap2a_primary	1.0	0.999996387514	1.0	1.0	1.0	0.999793226432	0.222695793197	0.99999999999	0.0223693505101	1.0	1.0	1.0
UP00239_1_Obox2_3438.2	1.0	1.0	1.0	1.0	1.0	1.0	1.0	1.0	1.0	1.0	1.0	1.0
MA0017.1.NR2F1	1.0	1.0	1.0	1.0	1.0	1.0	1.0	1.0	1.0	1.0	1.0	1.0
UP00247_1_Pax4_3989.2	1.0	1.0	1.0	1.0	1.0	1.0	1.0	1.0	1.0	1.0	1.0	1.0
UP00131_1_Gbx2_3110.1	1.0	1.0	1.0	1.0	1.0	1.0	1.0	1.0	1.0	1.0	1.0	1.0
UP00231_1_Nkx2-2_2823.1	1.0	1.0	1.0	1.0	1.0	1.0	1.0	1.0	1.0	1.0	1.0	1.0
UP00266_1_Prrx1_3442.1	1.0	1.0	1.0	1.0	1.0	1.0	1.0	1.0	1.0	1.0	1.0	1.0
UP00151_1_Barx2_3447.2	1.0	1.0	1.0	1.0	1.0	1.0	1.0	1.0	1.0	1.0	1.0	1.0
UP00236_1_Irx2_0900.3	1.0	1.0	1.0	1.0	1.0	1.0	1.0	1.0	1.0	1.0	1.0	1.0
UP00026_1_Zscan4_primary	1.0	0.10755904616	1.0	0.99999999999	1.0	2.32339107398e-07	0.00950945636964	1.0	1.0	1.0	1.0	1.0
UP00093_2_Klf7_secondary	1.0	1.0	1.0	0.999999999289	1.0	1.0	1.0	0.412108860807	0.00617133134207	1.0	3.7095906625e-05	0.00625556911721
MA0091.1.TAL1::TCF3	1.0	1.0	1.0	1.0	1.0	1.0	1.0	1.0	1.0	1.0	1.0	1.0
UP00083_2_Tcf7l2_secondary	1.0	1.0	1.0	1.0	1.0	1.0	1.0	1.0	1.0	1.0	1.0	1.0
UP00003_2_E2F3_secondary	1.0	0.999943857317	1.0	1.0	0.884361734327	0.999812858474	1.0	0.00691730608186	1.0	1.0	1.0	1.0
UP00011_1_Irf6_primary	1.0	1.0	1.0	1.0	1.0	0.999999997846	1.0	1.0	1.0	1.0	1.0	1.0
MA0079.1.SP1	0.000337477444326	0.000795429069851	1.0	0.004106495905	0.0	6.22578211207e-10	1.0	0.0	1.0	1.0	1.0	1.0
UP00126_1_Dlx2_2273.2	1.0	1.0	1.0	1.0	1.0	1.0	1.0	1.0	1.0	1.0	1.0	1.0
UP00010_2_Tcfap2b_secondary	1.0	1.0	1.0	1.0	1.0	1.0	1.0	1.0	0.0223693505101	0.769247481943	0.99834584413	1.0
UP00076_2_Rfxdc2_secondary	1.0	1.0	1.0	1.0	1.0	1.0	1.0	1.0	1.0	1.0	1.0	1.0
UP00156_1_Msx2_3449.1	1.0	1.0	1.0	1.0	1.0	1.0	1.0	1.0	1.0	1.0	1.0	1.0
UP00084_2_Gmeb1_secondary	1.0	1.0	1.0	1.0	1.0	0.982177600384	1.0	1.0	0.146047167202	1.0	0.308269256059	0.999990921492
UP00014_2_Sox17_secondary	1.0	1.0	1.0	1.0	1.0	1.0	1.0	1.0	1.0	1.0	1.0	1.0
UP00169_1_Lmx1b_3433.2	1.0	1.0	1.0	1.0	1.0	1.0	1.0	1.0	1.0	1.0	1.0	1.0
UP00062_2_Sox4_secondary	1.0	1.0	1.0	1.0	1.0	1.0	1.0	1.0	1.0	1.0	1.0	1.0
UP00043_1_Bcl6b_primary	1.0	1.0	1.0	1.0	1.0	1.0	1.0	1.0	1.0	1.0	1.0	1.0
UP00096_1_Sox13_primary	1.0	1.0	1.0	1.0	1.0	1.0	1.0	1.0	1.0	1.0	1.0	1.0
UP00224_1_Pax6_3838.3	1.0	1.0	1.0	1.0	1.0	1.0	1.0	1.0	1.0	1.0	1.0	1.0
UP00055_2_Hbp1_secondary	1.0	1.0	1.0	1.0	1.0	1.0	1.0	1.0	1.0	1.0	1.0	1.0
MA0069.1.Pax6	1.0	1.0	1.0	1.0	1.0	1.0	1.0	1.0	1.0	1.0	1.0	1.0
MA0080.2.SPI1	1.0	1.0	0.999999586819	1.0	1.0	1.0	0.899695987598	1.0	1.0	1.0	1.0	1.0
UP00045_1_Mafb_primary	1.0	1.0	1.0	1.0	1.0	1.0	1.0	1.0	1.0	1.0	1.0	1.0
UP00098_2_Rfx3_secondary	1.0	1.0	1.0	1.0	1.0	1.0	1.0	1.0	1.0	1.0	1.0	1.0
UP00262_1_Lhx1_2240.2	1.0	1.0	1.0	1.0	1.0	1.0	1.0	1.0	1.0	1.0	1.0	1.0
UP00217_1_Hoxa10_2318.1	1.0	1.0	1.0	1.0	1.0	1.0	1.0	1.0	1.0	1.0	1.0	1.0
MA0155.1.INSM1	1.0	1.0	1.0	1.0	0.999999999998	1.0	1.0	1.0	1.0	1.0	1.0	1.0
UP00108_1_Alx3_3418.2	1.0	1.0	1.0	1.0	1.0	1.0	1.0	1.0	1.0	1.0	1.0	1.0
UP00002_1_Sp4_primary	1.0	1.0	1.0	1.0	1.0	0.999999469708	1.0	0.985704582526	1.0	1.0	1.0	1.0
MA0140.1.Tal1::Gata1	1.0	1.0	1.0	1.0	1.0	1.0	1.0	1.0	1.0	1.0	1.0	1.0
MA0007.1.Ar	1.0	1.0	1.0	1.0	1.0	1.0	1.0	1.0	1.0	1.0	1.0	1.0
UP00102_1_Zic1_primary	1.0	0.999993831508	0.955339283714	1.0	0.999250019074	0.982177600384	0.0116809369606	1.0	0.356438677149	1.0	0.44816719154	1.0
UP00165_1_Titf1_1722.2	1.0	1.0	1.0	1.0	1.0	1.0	1.0	1.0	1.0	1.0	1.0	1.0
UP00059_2_Arid5a_secondary	1.0	1.0	1.0	1.0	1.0	1.0	1.0	1.0	1.0	1.0	0.00574072396138	0.502972655718
UP00009_1_Nr2f2_primary	1.0	1.0	1.0	1.0	1.0	1.0	1.0	1.0	1.0	1.0	1.0	1.0
MA0046.1.HNF1A	1.0	1.0	1.0	1.0	1.0	1.0	1.0	1.0	1.0	1.0	1.0	1.0
UP00009_2_Nr2f2_secondary	1.0	1.0	1.0	1.0	1.0	0.969669322226	0.8916203002	1.0	1.0	1.0	1.0	1.0
UP00178_1_Og2x_3719.1	1.0	1.0	1.0	1.0	1.0	1.0	1.0	1.0	1.0	1.0	1.0	1.0
MA0093.1.USF1	1.0	1.0	1.0	1.0	1.0	1.0	1.0	1.0	1.0	1.0	1.0	1.0
UP00058_1_Tcf3_primary	1.0	1.0	1.0	1.0	1.0	1.0	1.0	1.0	1.0	1.0	1.0	1.0
UP00076_1_Rfxdc2_primary	1.0	1.0	1.0	1.0	1.0	1.0	1.0	1.0	1.0	1.0	1.0	1.0
MA0114.1.HNF4A	1.0	1.0	1.0	1.0	1.0	1.0	1.0	1.0	1.0	1.0	1.0	1.0
UP00021_1_Zfp281_primary	1.0	1.0	1.0	1.0	1.0	1.0	1.0	1.0	1.0	1.0	1.0	1.0
MA0080.1.SPI1	1.0	1.0	1.0	1.0	1.0	1.0	1.0	1.0	1.0	1.0	1.0	1.0
UP00216_1_Obox1_3970.2	1.0	1.0	1.0	1.0	1.0	1.0	1.0	1.0	1.0	1.0	1.0	1.0
MA0047.2.Foxa2	0.968599747871	1.0	1.0	1.0	1.0	1.0	1.0	1.0	1.0	1.0	1.0	1.0
UP00138_1_Bsx_3483.2	1.0	1.0	1.0	1.0	1.0	1.0	1.0	1.0	1.0	1.0	1.0	1.0
MA0131.1.MIZF	1.0	0.962541736501	1.0	1.0	1.0	0.605864741305	0.0432816521702	0.999999484655	1.0	1.0	0.146127429204	1.0
UP00408_1_Gabpa_primary	1.0	0.999999998078	0.999999999876	1.0	1.0	0.999999466878	1.0	0.999397996441	0.943324967864	1.0	0.0421582342942	1.0
MA0065.1.PPARG::RXRA	1.0	1.0	1.0	1.0	1.0	1.0	1.0	1.0	1.0	1.0	1.0	1.0
MA0087.1.Sox5	1.0	1.0	1.0	1.0	1.0	1.0	1.0	1.0	1.0	1.0	1.0	1.0
UP00086_1_Irf3_primary	1.0	1.0	1.0	1.0	1.0	1.0	1.0	1.0	1.0	1.0	1.0	1.0
UP00053_1_Rxra_primary	1.0	1.0	1.0	0.0222597268175	0.535346794528	0.999999994667	1.0	5.90396933331e-06	1.0	1.0	1.0	1.0
UP00220_1_Nkx1-1_3856.3	1.0	1.0	1.0	1.0	1.0	1.0	1.0	1.0	1.0	1.0	1.0	1.0
UP00136_1_Prrx2_3072.1	1.0	1.0	1.0	1.0	1.0	1.0	1.0	1.0	1.0	1.0	1.0	1.0
UP00037_2_Zfp105_secondary	1.0	1.0	1.0	1.0	1.0	1.0	1.0	1.0	1.0	1.0	1.0	1.0
UP00265_1_Pitx3_3497.2	1.0	0.999866810273	1.0	1.0	1.0	1.0	1.0	1.0	1.0	1.0	1.0	1.0
MA0124.1.NKX3-1	1.0	1.0	1.0	1.0	1.0	1.0	1.0	1.0	1.0	1.0	1.0	1.0
UP00109_1_Obox6_3440.2	1.0	1.0	1.0	1.0	1.0	1.0	1.0	1.0	1.0	1.0	0.999978853129	1.0
UP00043_2_Bcl6b_secondary	1.0	1.0	1.0	1.0	1.0	1.0	1.0	1.0	2.81558105719e-08	0.999999999928	0.226112258921	1.0
UP00001_1_E2F2_primary	0.999995581429	0.962541736501	1.0	0.997945532617	0.00249242245981	0.404788445342	1.0	0.150806891102	0.000284496691219	0.325669751381	0.957245883712	1.0
UP00012_2_Bbx_secondary	1.0	1.0	1.0	1.0	1.0	1.0	1.0	1.0	1.0	1.0	1.0	1.0
UP00008_1_Six6_primary	1.0	1.0	1.0	1.0	1.0	1.0	1.0	1.0	1.0	1.0	1.0	1.0
UP00035_2_Hic1_secondary	1.0	1.0	1.0	1.0	1.0	0.999999995483	1.0	1.0	1.0	1.0	1.0	1.0
MA0153.1.HNF1B	1.0	1.0	1.0	1.0	1.0	1.0	1.0	1.0	1.0	1.0	1.0	1.0
UP00087_1_Tcfap2c_primary	1.0	0.999885533493	1.0	1.0	1.0	0.922305278151	0.934293063936	1.0	0.00722513284725	1.0	1.0	1.0
UP00193_1_Rhox11_1765.2	1.0	1.0	1.0	1.0	1.0	1.0	1.0	1.0	1.0	1.0	1.0	1.0
UP00097_2_Mtf1_secondary	1.0	1.0	1.0	1.0	1.0	1.0	1.0	1.0	1.0	1.0	1.0	1.0
MA0060.1.NFYA	1.0	1.0	1.0	1.0	1.0	1.0	1.0	1.0	1.0	1.0	1.0	1.0
UP00148_1_Hdx_3845.3	1.0	1.0	1.0	1.0	1.0	1.0	1.0	1.0	1.0	1.0	1.0	1.0
UP00163_1_En2_0952.1	1.0	1.0	1.0	1.0	1.0	1.0	1.0	1.0	1.0	1.0	1.0	1.0
UP00041_2_Foxj1_secondary	1.0	1.0	1.0	1.0	1.0	1.0	1.0	1.0	1.0	1.0	1.0	1.0
UP00134_1_Hoxb13_3479.1	1.0	1.0	1.0	1.0	1.0	1.0	1.0	1.0	1.0	1.0	1.0	1.0
MA0031.1.FOXD1	1.0	1.0	1.0	1.0	1.0	1.0	1.0	1.0	1.0	1.0	1.0	1.0
MA0119.1.TLX1::NFIC	1.0	1.0	1.0	1.0	0.982070296422	1.0	1.0	1.0	1.0	1.0	0.9999990782	1.0
UP00254_1_Pou2f1_3081.2	1.0	1.0	1.0	1.0	1.0	1.0	1.0	1.0	1.0	1.0	1.0	1.0
UP00124_1_Ipf1_3815.1	1.0	1.0	1.0	1.0	1.0	1.0	1.0	1.0	1.0	1.0	1.0	1.0
UP00207_1_Hoxb9_3413.1	1.0	1.0	1.0	1.0	1.0	1.0	1.0	1.0	1.0	1.0	1.0	1.0
UP00146_1_Pou6f1_1731.2	1.0	1.0	1.0	1.0	1.0	1.0	1.0	1.0	1.0	1.0	1.0	1.0
MA0095.1.YY1	1.0	0.317850549374	0.999896738569	0.830675922456	0.727574551562	0.000120932996835	0.273757401667	0.00531572210001	1.0	1.0	1.0	1.0
MA0092.1.Hand1::Tcfe2a	1.0	1.0	1.0	1.0	1.0	1.0	1.0	1.0	1.0	1.0	1.0	1.0
UP00028_2_Tcfap2e_secondary	1.0	1.0	1.0	1.0	1.0	1.0	1.0	1.0	1.0	1.0	1.0	1.0
MA0102.1.Cebpa	1.0	1.0	1.0	1.0	1.0	1.0	1.0	0.999999987478	1.0	1.0	1.0	1.0
UP00025_2_Foxk1_secondary	1.0	1.0	1.0	1.0	1.0	1.0	1.0	1.0	1.0	1.0	1.0	1.0
UP00221_1_Phox2a_3947.1	1.0	1.0	1.0	1.0	1.0	1.0	1.0	1.0	1.0	1.0	1.0	1.0
MA0062.1.GABPA	0.999999999706	0.902378641525	0.370708686957	1.0	0.517880780586	5.2631159797e-07	0.0505596762046	0.953423291462	8.75334443051e-06	0.998327329575	0.999999999142	1.0
MA0125.1.Nobox	1.0	1.0	1.0	1.0	1.0	1.0	1.0	1.0	1.0	1.0	1.0	1.0
UP00003_1_E2F3_primary	1.0	1.0	1.0	0.367373054451	0.0558471641758	0.0816469332077	0.999999999489	0.0269603452119	9.44805706468e-05	0.325669751381	0.0543952628236	1.0
UP00048_2_Rara_secondary	1.0	1.0	1.0	1.0	1.0	0.999961526876	0.999999999505	1.0	1.0	1.0	1.0	1.0
UP00137_1_Hoxb3_1720.2	1.0	1.0	1.0	1.0	1.0	1.0	1.0	1.0	1.0	1.0	1.0	1.0
MA0030.1.FOXF2	1.0	1.0	1.0	1.0	1.0	1.0	1.0	1.0	1.0	1.0	1.0	1.0
MA0089.1.NFE2L1::MafG	1.0	1.0	0.999999781943	1.0	1.0	1.0	0.895271052523	1.0	1.0	1.0	1.0	1.0
UP00110_1_Dlx4_3488.2	1.0	1.0	1.0	1.0	1.0	1.0	1.0	1.0	1.0	1.0	1.0	1.0
UP00256_1_Lhx6_2272.1	1.0	1.0	1.0	1.0	1.0	1.0	1.0	1.0	1.0	1.0	1.0	1.0
MA0107.1.RELA	1.0	1.0	1.0	1.0	1.0	1.0	1.0	1.0	0.999885119906	1.0	1.0	1.0
UP00049_1_Sp100_primary	1.0	0.999999983777	0.999999808622	1.0	1.0	0.990869347357	1.0	1.0	0.00682003120303	0.999995710806	0.130161223144	0.418535002035
MA0002.1.RUNX1	1.0	1.0	1.0	1.0	1.0	1.0	1.0	1.0	1.0	1.0	1.0	1.0
UP00080_2_Gata5_secondary	1.0	1.0	1.0	1.0	1.0	1.0	1.0	1.0	1.0	1.0	1.0	1.0
UP00052_1_Osr2_primary	1.0	1.0	1.0	1.0	1.0	1.0	1.0	1.0	1.0	1.0	1.0	1.0
MA0103.1.ZEB1	1.0	1.0	1.0	1.0	1.0	1.0	1.0	1.0	1.0	1.0	1.0	1.0
UP00077_1_Srf_primary	1.0	1.0	1.0	1.0	1.0	1.0	1.0	1.0	1.0	1.0	1.0	1.0
UP00167_1_En1_3123.2	1.0	1.0	1.0	1.0	1.0	1.0	1.0	1.0	1.0	1.0	1.0	1.0
UP00022_1_Zfp740_primary	1.0	1.0	1.0	1.0	1.0	1.0	1.0	1.0	1.0	1.0	1.0	1.0
MA0088.1.znf143	1.0	1.0	1.0	1.0	1.0	0.999999979376	1.0	1.0	1.0	1.0	0.999999999971	1.0
UP00099_2_Ascl2_secondary	1.0	1.0	1.0	1.0	1.0	1.0	1.0	0.999999999978	0.403584277304	1.0	0.999845779859	1.0
MA0042.1.FOXI1	1.0	1.0	1.0	1.0	1.0	1.0	1.0	1.0	1.0	1.0	1.0	1.0
UP00082_1_Zfp187_primary	1.0	1.0	1.0	1.0	1.0	1.0	1.0	1.0	1.0	1.0	1.0	1.0
UP00117_1_Hoxd11_3873.1	1.0	1.0	1.0	1.0	1.0	1.0	1.0	1.0	0.999278682036	1.0	0.00484788615941	0.00851754593945
UP00116_1_Rhox6_4251.1	1.0	1.0	1.0	1.0	1.0	1.0	1.0	1.0	1.0	1.0	1.0	1.0
MA0135.1.Lhx3	1.0	1.0	1.0	1.0	1.0	1.0	1.0	1.0	1.0	1.0	1.0	1.0
UP00196_1_Hoxa4_3426.1	1.0	1.0	1.0	1.0	1.0	1.0	1.0	1.0	1.0	1.0	1.0	1.0
UP00189_1_Hoxa5_3415.1	1.0	1.0	1.0	1.0	1.0	1.0	1.0	1.0	1.0	1.0	1.0	1.0
UP00032_2_Gata3_secondary	1.0	1.0	1.0	1.0	1.0	1.0	1.0	1.0	1.0	1.0	1.0	1.0
UP00057_1_Zic2_primary	1.0	0.617913944851	0.999999999613	1.0	0.0143183259635	0.000364528887375	0.208807246581	1.0	0.277622791403	1.0	0.0173235203245	0.833770956612
UP00017_1_Nkx3-1_primary	1.0	1.0	1.0	1.0	1.0	1.0	1.0	1.0	1.0	1.0	1.0	1.0
UP00033_1_Zfp410_primary	1.0	1.0	1.0	1.0	1.0	1.0	1.0	1.0	1.0	1.0	1.0	1.0
UP00026_2_Zscan4_secondary	1.0	1.0	1.0	1.0	1.0	1.0	0.999897013275	1.0	1.0	1.0	1.0	1.0
MA0083.1.SRF	1.0	1.0	1.0	1.0	1.0	1.0	1.0	1.0	1.0	1.0	1.0	1.0
UP00024_2_Glis2_secondary	1.0	1.0	1.0	1.0	1.0	1.0	1.0	1.0	1.0	1.0	1.0	1.0
MA0029.1.Evi1	1.0	1.0	1.0	1.0	1.0	1.0	1.0	1.0	1.0	1.0	1.0	1.0
UP00056_1_Rfx4_primary	1.0	1.0	1.0	1.0	1.0	1.0	1.0	1.0	1.0	1.0	1.0	1.0
UP00078_2_Arid3a_secondary	1.0	1.0	1.0	1.0	1.0	1.0	1.0	1.0	1.0	1.0	1.0	1.0
UP00065_2_Zfp161_secondary	0.00189492536266	0.00461777604219	1.0	1.49940201688e-06	0.0	0.000395701852755	0.999999881932	0.0	0.000652209600472	1.0	0.999999233137	1.0
UP00153_1_Pitx1_2312.1	1.0	1.0	1.0	1.0	1.0	1.0	1.0	1.0	1.0	1.0	1.0	1.0
UP00064_2_Sox18_secondary	1.0	1.0	1.0	1.0	1.0	1.0	1.0	1.0	1.0	1.0	1.0	1.0
UP00016_1_Sry_primary	1.0	1.0	1.0	1.0	1.0	1.0	1.0	1.0	1.0	1.0	1.0	1.0
UP00198_1_Cphx_3484.1	1.0	1.0	1.0	1.0	1.0	1.0	1.0	1.0	1.0	1.0	1.0	1.0
MA0147.1.Myc	1.0	0.999996387514	0.991633594447	0.10570146994	0.997027009938	0.00137767428033	0.00158017188532	0.0405536197906	0.475678867635	1.0	5.88418203051e-13	7.05708371962e-07
UP00014_1_Sox17_primary	1.0	1.0	1.0	1.0	1.0	1.0	1.0	1.0	1.0	1.0	1.0	1.0
UP00164_2_Hoxa7_3750.1	1.0	1.0	1.0	1.0	1.0	1.0	1.0	1.0	1.0	1.0	1.0	1.0
MA0040.1.Foxq1	1.0	1.0	1.0	1.0	1.0	1.0	1.0	1.0	1.0	1.0	1.0	1.0
UP00154_1_Dlx3_1030.1	1.0	1.0	1.0	1.0	1.0	1.0	1.0	1.0	1.0	1.0	1.0	1.0
UP00242_1_Hoxc8_3429.2	1.0	1.0	1.0	1.0	1.0	1.0	1.0	1.0	1.0	1.0	1.0	1.0
MA0117.1.Mafb	1.0	1.0	1.0	1.0	1.0	1.0	1.0	1.0	1.0	1.0	1.0	1.0
UP00019_1_Zbtb12_primary	1.0	1.0	1.0	1.0	1.0	1.0	1.0	1.0	1.0	1.0	1.0	1.0
UP00118_1_Pou4f3_2791.1	1.0	1.0	1.0	1.0	1.0	1.0	1.0	1.0	1.0	1.0	1.0	1.0
MA0138.1.REST	1.0	1.0	1.0	1.0	1.0	1.0	1.0	0.999992116283	0.999999366173	1.0	0.0987335164662	0.600162621123
UP00175_1_Lhx9_3492.1	1.0	1.0	1.0	1.0	1.0	1.0	1.0	1.0	1.0	1.0	1.0	1.0
MA0130.1.ZNF354C	1.0	3.28420624029e-11	0.693412774723	0.999999999998	0.0617371182133	0.0	2.4538305653e-06	0.20896601695	1.0	1.0	0.00331530149724	0.924909229144
UP00172_1_Prop1_3949.1	1.0	1.0	1.0	1.0	1.0	1.0	1.0	1.0	1.0	1.0	1.0	1.0
UP00060_1_Max_primary	1.0	0.999997577683	1.0	1.0	0.99687065105	0.307482197866	0.0836019388894	0.365538711827	0.277622791403	1.0	0.0	3.26737397927e-06
UP00067_2_Lef1_secondary	1.0	1.0	1.0	1.0	1.0	1.0	1.0	1.0	1.0	1.0	1.0	1.0
UP00260_1_Hoxc6_3954.2	1.0	1.0	1.0	1.0	1.0	1.0	1.0	1.0	1.0	1.0	1.0	1.0
UP00005_2_Tcfap2a_secondary	1.0	1.0	1.0	0.00193676062553	1.0	0.658755252028	1.0	0.318241334709	1.0	1.0	1.0	1.0
UP00232_1_Dobox4_3956.2	1.0	1.0	1.0	1.0	1.0	1.0	1.0	1.0	1.0	1.0	1.0	1.0
UP00149_1_Phox2b_3948.1	1.0	1.0	1.0	1.0	1.0	1.0	1.0	1.0	1.0	1.0	1.0	1.0
UP00229_1_Otx1_2325.1	1.0	1.0	1.0	1.0	1.0	1.0	1.0	1.0	1.0	1.0	1.0	1.0
UP00219_2_Cutl1_3494.2	1.0	1.0	1.0	1.0	1.0	1.0	1.0	1.0	1.0	1.0	1.0	1.0
UP00032_1_Gata3_primary	1.0	1.0	1.0	1.0	1.0	1.0	1.0	1.0	1.0	1.0	1.0	1.0
IRF8_IECS_HAND_KANO	1.0	1.0	1.0	1.0	1.0	1.0	1.0	1.0	1.0	1.0	1.0	1.0
UP00082_2_Zfp187_secondary	1.0	1.0	1.0	1.0	1.0	1.0	0.999999999356	1.0	1.0	1.0	1.0	0.989864453123
UP00158_1_Pou1f1_3818.1	1.0	1.0	1.0	1.0	1.0	1.0	1.0	1.0	1.0	1.0	1.0	1.0
MA0112.2.ESR1	1.0	1.0	1.0	1.0	0.283724718648	1.0	1.0	0.99999958364	1.0	1.0	1.0	1.0
MA0050.1.IRF1	1.0	1.0	1.0	1.0	1.0	1.0	1.0	1.0	1.0	1.0	1.0	1.0
UP00061_1_Foxl1_primary	1.0	1.0	1.0	1.0	1.0	1.0	1.0	1.0	1.0	1.0	1.0	1.0
MA0033.1.FOXL1	1.0	1.0	1.0	1.0	1.0	1.0	1.0	1.0	1.0	1.0	1.0	1.0
UP00088_2_Plagl1_secondary	1.0	1.0	1.0	0.999999999999	1.0	1.0	1.0	0.99999999999	1.0	1.0	1.0	1.0
UP00102_2_Zic1_secondary	1.0	1.0	1.0	0.990768400616	1.0	0.999998258991	1.0	1.0	1.0	1.0	1.0	1.0
UP00210_1_Mrg2_2302.1	1.0	1.0	1.0	1.0	1.0	1.0	1.0	1.0	1.0	1.0	1.0	1.0
UP00016_2_Sry_secondary	1.0	1.0	1.0	1.0	1.0	1.0	1.0	1.0	1.0	1.0	1.0	1.0
MA0062.2.GABPA	1.0	0.408636235054	0.000813300149119	1.0	0.00743712213578	0.00104668668979	0.00193849089384	0.654560738729	0.129717965871	1.0	0.130161223144	1.0
UP00083_1_Tcf7l2_primary	1.0	1.0	1.0	1.0	1.0	1.0	1.0	1.0	1.0	1.0	1.0	1.0
UP00245_1_Hoxc10_2779.2	1.0	1.0	1.0	1.0	1.0	1.0	1.0	1.0	1.0	1.0	0.999993047348	0.999999999991
UP00031_1_Zbtb3_primary	1.0	0.998137826516	1.0	0.0167007488641	0.00122511775005	0.973129225011	1.0	0.0015419899279	1.0	1.0	1.0	1.0
UP00018_2_Irf4_secondary	1.0	1.0	1.0	1.0	1.0	1.0	0.999995382032	1.0	0.0422651353724	0.98740134392	0.277514750528	0.949144657808
UP00006_1_Zic3_primary	1.0	0.502481678857	0.999999999613	1.0	0.0693735332845	0.000364528887375	0.147293235795	1.0	0.600372839945	1.0	0.025700802209	0.833770956612
UP00093_1_Klf7_primary	1.0	1.0	1.0	1.0	0.97611202048	0.34326580141	1.0	1.0	0.00288107210017	1.0	0.0397309706894	0.725308587619
MA0145.1.Tcfcp2l1	1.0	1.0	1.0	1.0	1.0	1.0	1.0	1.0	1.0	1.0	1.0	1.0
MA0143.1.Sox2	1.0	1.0	1.0	1.0	1.0	1.0	1.0	1.0	1.0	1.0	1.0	1.0
MA0043.1.HLF	1.0	1.0	1.0	1.0	1.0	1.0	1.0	1.0	1.0	1.0	1.0	1.0
MA0102.2.CEBPA	1.0	1.0	1.0	1.0	1.0	1.0	1.0	1.0	1.0	1.0	1.0	1.0
UP00128_1_Pou3f2_2824.1	1.0	1.0	1.0	1.0	1.0	1.0	1.0	1.0	1.0	1.0	1.0	1.0
UP00208_2_Obox5_3963.2	1.0	1.0	1.0	1.0	1.0	1.0	1.0	1.0	1.0	1.0	1.0	1.0
UP00074_2_Isgf3g_secondary	1.0	1.0	1.0	1.0	1.0	1.0	1.0	1.0	1.0	1.0	1.0	1.0
UP00042_1_Gm397_primary	1.0	1.0	1.0	1.0	1.0	0.00490919037557	0.153877362414	1.0	1.0	1.0	1.0	1.0
UP00408_2_Gabpa_secondary	1.0	1.0	1.0	1.0	1.0	1.0	1.0	1.0	1.0	1.0	1.0	1.0
MA0076.1.ELK4	0.968599747871	0.330491696059	9.15757761909e-05	0.999956448055	1.59873397398e-06	1.96748173309e-11	2.72779904459e-05	2.44806994676e-08	0.00265251013696	0.999999999928	0.949038751139	0.962358161573
MA0139.1.CTCF	1.0	1.0	1.0	1.0	1.0	1.0	1.0	1.0	1.0	1.0	1.0	1.0
UP00031_2_Zbtb3_secondary	1.0	1.0	1.0	1.0	1.0	1.0	1.0	1.0	1.0	1.0	1.0	1.0
UP00143_1_Dobox5_3493.1	1.0	1.0	1.0	1.0	1.0	1.0	1.0	1.0	1.0	1.0	1.0	1.0
UP00092_1_Myb_primary	1.0	1.0	1.0	1.0	0.999999999466	1.0	1.0	1.0	0.981797052951	1.0	2.65964986604e-05	0.322333075456
UP00039_1_Foxj3_primary	1.0	1.0	1.0	1.0	1.0	1.0	1.0	1.0	1.0	1.0	1.0	1.0
UP00015_1_Ehf_primary	1.0	1.0	1.0	1.0	1.0	1.0	1.0	0.999999692032	0.999999366173	0.999995710806	0.959618195845	1.0
UP00017_3_Nkx3-1_2923.2	1.0	1.0	1.0	1.0	1.0	1.0	1.0	1.0	1.0	1.0	1.0	1.0
UP00209_1_Cart1_0997.1	1.0	1.0	1.0	1.0	1.0	1.0	1.0	1.0	1.0	1.0	1.0	1.0
UP00042_2_Gm397_secondary	0.999999995845	4.15001366605e-13	0.14945738204	0.999999999943	0.999999223239	0.0	6.74395372435e-07	0.999999999999	1.0	1.0	1.0	1.0
UP00139_1_Nkx1-2_3214.1	1.0	1.0	1.0	1.0	1.0	1.0	1.0	1.0	1.0	1.0	1.0	1.0
UP00091_1_Sox5_primary	1.0	1.0	1.0	1.0	1.0	1.0	1.0	1.0	1.0	1.0	1.0	1.0
