MA0163.1.PLAG1	0.999997962498	1.0	1.0	1.0	0.994182263043	1.0	0.995827172301	0.990431507017	0.984030304137	1.0	1.0	1.0
MA0137.1.STAT1	1.0	1.0	1.0	1.0	1.0	1.0	1.0	1.0	1.0	1.0	1.0	1.0
UP00017_2_Nkx3-1_secondary	1.0	1.0	1.0	1.0	1.0	1.0	1.0	1.0	1.0	1.0	1.0	1.0
UP00100_1_Gata6_primary	1.0	1.0	1.0	1.0	1.0	1.0	1.0	1.0	1.0	1.0	1.0	1.0
UP00081_2_Mybl1_secondary	1.0	1.0	1.0	1.0	1.0	1.0	1.0	1.0	1.0	1.0	1.0	1.0
UP00201_1_Emx2_3420.1	1.0	1.0	1.0	1.0	1.0	1.0	1.0	1.0	1.0	1.0	1.0	1.0
UP00230_1_Dlx5_3419.2	1.0	1.0	1.0	1.0	1.0	1.0	1.0	1.0	1.0	1.0	1.0	1.0
UP00391_1_Hoxa3_primary	1.0	1.0	1.0	1.0	1.0	1.0	1.0	1.0	1.0	1.0	1.0	1.0
UP00182_1_Hoxa6_1040.1	1.0	1.0	1.0	1.0	1.0	1.0	1.0	1.0	1.0	1.0	1.0	1.0
UP00050_2_Bhlhb2_secondary	1.0	1.0	1.0	1.0	1.0	1.0	1.0	1.0	1.0	1.0	1.0	1.0
UP00030_1_Sox11_primary	1.0	1.0	1.0	1.0	1.0	1.0	1.0	1.0	1.0	1.0	1.0	1.0
UP00081_1_Mybl1_primary	1.0	1.0	1.0	1.0	1.0	1.0	1.0	1.0	0.99999999904	1.0	2.65964986604e-05	0.322333075456
UP00035_1_Hic1_primary	1.0	1.0	1.0	0.999946125258	1.0	1.0	1.0	1.0	1.0	1.0	1.0	1.0
MA0070.1.PBX1	1.0	1.0	1.0	1.0	1.0	1.0	1.0	1.0	1.0	1.0	1.0	1.0
UP00030_2_Sox11_secondary	1.0	1.0	1.0	1.0	1.0	1.0	1.0	1.0	1.0	1.0	1.0	1.0
MA0077.1.SOX9	1.0	1.0	1.0	1.0	1.0	1.0	1.0	1.0	1.0	1.0	1.0	1.0
UP00007_1_Egr1_primary	1.0	1.0	1.0	1.0	1.0	0.999999466878	0.999992736959	1.0	0.00575002786109	1.0	0.999281796509	1.0
UP00007_2_Egr1_secondary	1.0	1.0	1.0	1.0	1.0	1.0	1.0	1.0	1.0	1.0	1.0	1.0
UP00001_2_E2F2_secondary	1.0	1.0	1.0	1.0	1.0	1.0	1.0	0.960801828923	1.0	1.0	1.0	1.0
UP00258_1_Tgif2_3451.1	1.0	1.0	1.0	1.0	1.0	1.0	1.0	1.0	1.0	1.0	1.0	1.0
MA0100.1.Myb	1.0	1.0	1.0	1.0	1.0	0.167193359673	1.0	1.0	0.999972519502	1.0	1.0	1.0
UP00185_1_Pbx1_3203.1	1.0	1.0	1.0	1.0	1.0	1.0	1.0	1.0	1.0	1.0	1.0	1.0
UP00164_1_Hoxa7_2668.2	1.0	1.0	1.0	1.0	1.0	1.0	1.0	1.0	1.0	1.0	1.0	1.0
UP00191_1_Pou2f2_3748.1	1.0	1.0	1.0	1.0	1.0	1.0	1.0	1.0	1.0	1.0	1.0	1.0
MA0024.1.E2F1	1.0	1.0	1.0	1.0	0.597511525852	0.626366595582	0.999999999998	0.0429305083848	1.40395925998e-05	0.999995710806	1.0	1.0
MA0004.1.Arnt	0.000347854257167	0.0	3.67252894762e-11	8.76995143173e-11	0.0	0.0	0.0	0.0	0.0	0.193594736277	0.0	0.0
UP00000_1_Smad3_primary	1.0	1.0	1.0	1.0	1.0	1.0	0.999999999971	1.0	1.0	1.0	1.0	1.0
UP00125_1_Pitx2_2274.3	1.0	1.0	1.0	1.0	1.0	1.0	1.0	1.0	1.0	1.0	1.0	1.0
UP00045_2_Mafb_secondary	1.0	1.0	1.0	1.0	1.0	1.0	1.0	1.0	1.0	1.0	1.0	1.0
UP00092_2_Myb_secondary	1.0	1.0	1.0	1.0	1.0	1.0	1.0	1.0	1.0	1.0	1.0	1.0
MA0133.1.BRCA1	1.0	1.0	1.0	1.0	1.0	1.0	1.0	1.0	1.0	1.0	1.0	1.0
UP00062_1_Sox4_primary	1.0	1.0	1.0	1.0	1.0	1.0	1.0	1.0	1.0	1.0	1.0	1.0
UP00048_1_Rara_primary	1.0	1.0	1.0	1.0	1.0	1.0	1.0	1.0	1.0	1.0	1.0	1.0
MA0162.1.Egr1	1.0	0.000164839851778	0.999940267732	0.729313809716	9.19451675655e-05	3.34132721491e-11	0.000769867846076	0.00165410057576	5.2911772741e-09	1.0	0.000850996373098	0.999999658965
MA0259.1.HIF1A::ARNT	0.999995581429	0.0533430860171	1.0	0.624853310354	0.94864102298	1.5059997005e-07	0.00439105081628	0.412108860807	0.987771399216	1.0	0.000110544698943	0.962358161573
UP00113_1_Hoxc4_3491.1	1.0	1.0	1.0	1.0	1.0	1.0	1.0	1.0	1.0	1.0	1.0	1.0
UP00391_3_Hoxa3_2783.2	1.0	1.0	1.0	1.0	1.0	1.0	1.0	1.0	1.0	1.0	1.0	1.0
UP00052_2_Osr2_secondary	1.0	1.0	1.0	1.0	1.0	1.0	1.0	1.0	1.0	1.0	1.0	1.0
UP00050_1_Bhlhb2_primary	1.0	1.0	1.0	1.0	1.0	1.0	1.0	1.0	1.0	1.0	1.0	1.0
UP00225_1_Hlx1_2350.1	1.0	1.0	1.0	1.0	1.0	1.0	1.0	1.0	1.0	1.0	1.0	1.0
UP00091_2_Sox5_secondary	1.0	1.0	1.0	1.0	1.0	1.0	1.0	1.0	1.0	1.0	1.0	1.0
UP00391_2_Hoxa3_secondary	1.0	1.0	1.0	1.0	1.0	1.0	1.0	1.0	1.0	1.0	1.0	1.0
UP00146_2_Pou6f1_3733.1	1.0	1.0	1.0	1.0	1.0	1.0	1.0	1.0	1.0	1.0	1.0	1.0
UP00100_2_Gata6_secondary	0.987504147892	0.999943857317	1.0	0.762199202898	0.000288192457764	0.986321135994	1.0	0.947747442343	1.0	1.0	0.981190844813	1.0
MA0158.1.HOXA5	1.0	1.0	1.0	0.00674584784744	0.999935271488	1.0	1.0	5.89528426076e-12	1.0	1.0	1.0	1.0
MA0137.2.STAT1	1.0	1.0	1.0	1.0	1.0	1.0	1.0	1.0	1.0	1.0	1.0	1.0
MA0017.1.NR2F1	1.0	1.0	1.0	1.0	1.0	1.0	1.0	1.0	1.0	1.0	1.0	1.0
UP00156_1_Msx2_3449.1	1.0	1.0	1.0	1.0	1.0	1.0	1.0	1.0	1.0	1.0	1.0	1.0
UP00062_2_Sox4_secondary	1.0	1.0	1.0	1.0	1.0	1.0	1.0	1.0	1.0	1.0	1.0	1.0
UP00045_1_Mafb_primary	1.0	1.0	1.0	1.0	1.0	1.0	1.0	1.0	1.0	1.0	1.0	1.0
MA0087.1.Sox5	1.0	1.0	1.0	1.0	1.0	1.0	1.0	1.0	1.0	1.0	1.0	1.0
MA0124.1.NKX3-1	1.0	1.0	1.0	1.0	1.0	1.0	1.0	1.0	1.0	1.0	1.0	1.0
UP00001_1_E2F2_primary	0.999995581429	0.962541736501	1.0	0.997945532617	0.00249242245981	0.404788445342	1.0	0.150806891102	0.000284496691219	0.325669751381	0.957245883712	1.0
UP00035_2_Hic1_secondary	1.0	1.0	1.0	1.0	1.0	0.999999995483	1.0	1.0	1.0	1.0	1.0	1.0
UP00146_1_Pou6f1_1731.2	1.0	1.0	1.0	1.0	1.0	1.0	1.0	1.0	1.0	1.0	1.0	1.0
UP00048_2_Rara_secondary	1.0	1.0	1.0	1.0	1.0	0.999961526876	0.999999999505	1.0	1.0	1.0	1.0	1.0
UP00110_1_Dlx4_3488.2	1.0	1.0	1.0	1.0	1.0	1.0	1.0	1.0	1.0	1.0	1.0	1.0
UP00052_1_Osr2_primary	1.0	1.0	1.0	1.0	1.0	1.0	1.0	1.0	1.0	1.0	1.0	1.0
UP00189_1_Hoxa5_3415.1	1.0	1.0	1.0	1.0	1.0	1.0	1.0	1.0	1.0	1.0	1.0	1.0
UP00017_1_Nkx3-1_primary	1.0	1.0	1.0	1.0	1.0	1.0	1.0	1.0	1.0	1.0	1.0	1.0
UP00153_1_Pitx1_2312.1	1.0	1.0	1.0	1.0	1.0	1.0	1.0	1.0	1.0	1.0	1.0	1.0
UP00164_2_Hoxa7_3750.1	1.0	1.0	1.0	1.0	1.0	1.0	1.0	1.0	1.0	1.0	1.0	1.0
MA0040.1.Foxq1	1.0	1.0	1.0	1.0	1.0	1.0	1.0	1.0	1.0	1.0	1.0	1.0
UP00154_1_Dlx3_1030.1	1.0	1.0	1.0	1.0	1.0	1.0	1.0	1.0	1.0	1.0	1.0	1.0
MA0117.1.Mafb	1.0	1.0	1.0	1.0	1.0	1.0	1.0	1.0	1.0	1.0	1.0	1.0
UP00092_1_Myb_primary	1.0	1.0	1.0	1.0	0.999999999466	1.0	1.0	1.0	0.981797052951	1.0	2.65964986604e-05	0.322333075456
UP00017_3_Nkx3-1_2923.2	1.0	1.0	1.0	1.0	1.0	1.0	1.0	1.0	1.0	1.0	1.0	1.0
UP00091_1_Sox5_primary	1.0	1.0	1.0	1.0	1.0	1.0	1.0	1.0	1.0	1.0	1.0	1.0
