	f6hyper_in_lamina	f6hypo_in_lamina	f8hyper_in_lamina	f8hypo_in_lamina	fibroblasts_f6_hyper	fibroblasts_f6_hypo	fibroblasts_f8_hyper	fibroblasts_f8_hypo	koch_senescence_hyper	koch_senescence_hyper_in_lamina	koch_senescence_hypo	koch_senescence_hypo_in_lamina
	f6hyper_in_lamina	f6hypo_in_lamina	f8hyper_in_lamina	f8hypo_in_lamina	fibroblasts_f6_hyper	fibroblasts_f6_hypo	fibroblasts_f8_hyper	fibroblasts_f8_hypo	koch_senescence_hyper	koch_senescence_hyper_in_lamina	koch_senescence_hypo	koch_senescence_hypo_in_lamina
UP00079_1_Esrra_primary	0.317058216345	0.957002313083	0.435633168566	0.681488701093	0.897680183558	0.973538955039	0.22578065594	0.0333577113685	0.865021032805	1.0	0.226845059112	0.333790828417
UP00000_2_Smad3_secondary	0.0232552801953	0.00440229049699	0.317038374141	0.194188483389	0.000460614201288	3.53701625968e-07	0.0709629194431	0.000898763864133	8.94912605745e-13	1.0	1.42473311594e-10	2.640664352e-08
MA0163.1.PLAG1	0.0248375642666	0.592033049128	0.576095522745	0.100330251854	0.0104065382641	0.0847528990064	0.0109639227914	0.00944345350145	0.0085640788	0.159999063227	0.629183827191	0.999999999999
MA0152.1.NFATC2	0.960143250806	0.999957258878	0.489066880843	0.993925898582	0.99997519386	0.999999997738	0.995935614962	0.999976881318	0.999961535041	0.999999999999	0.993684559245	0.995541511029
UP00228_1_Bapx1_2343.1	1.0	0.834693679045	1.0	0.677168664087	0.863169664502	0.902375071951	1.0	0.483326729253	0.999999999963	1.0	0.907822971375	1.0
MA0137.1.STAT1	0.999999999997	0.999926068484	0.898164315649	0.883582193044	0.999980289615	0.999302600595	0.880444856722	0.996493055482	0.84517395645	0.999999999999	0.980170963233	0.965901742243
UP00104_1_Hmx1_3423.1	1.0	0.959773242957	0.533657856475	0.999999999993	0.747976177006	0.99795910715	0.937041830961	0.965690916847	0.999999999988	1.0	1.0	0.999999999999
MA0078.1.Sox17	0.802626121984	0.72796421941	1.0	0.978953484333	0.934753808644	0.276293755041	0.982493275613	0.997472447646	0.997780881429	1.0	0.999293965087	0.999999999987
UP00040_2_Irf5_secondary	0.999999999989	0.133879810971	0.127563003957	1.0	0.150125297489	0.0710062146027	0.0133427854411	0.65488437285	0.0685947934656	0.0909090909092	2.67114865434e-08	0.00282744876465
MA0055.1.Myf	0.466054925674	0.00989330024746	0.0738041002445	0.986032287592	0.0327327319534	0.00302102913199	0.0465393970009	0.870144975928	0.861768092513	1.0	0.949988623866	0.918890430836
MA0156.1.FEV	0.544629227132	0.998999563287	1.0	0.996308166953	0.981236564458	0.999798153228	0.976691423787	0.999706504164	0.999999999948	0.999999999998	0.947111552605	0.975315273143
UP00017_2_Nkx3-1_secondary	0.248724614744	0.999999999956	1.0	0.999999999981	0.631540369447	0.975720958611	0.82022857179	0.89853389558	0.999999999924	1.0	0.999999999993	1.0
MA0111.1.Spz1	0.0192280468963	0.0821453655114	0.820489350299	0.0705749998643	2.94912059512e-07	0.399174860805	0.784741637087	4.35541329812e-05	0.762447067299	0.999999999998	0.600601792176	0.980051432221
UP00106_1_Vax2_3500.1	1.0	0.999999999924	1.0	0.916249500203	0.981779307021	0.997966699826	1.0	0.990652976502	0.99999999996	0.999999999998	0.999999999976	1.0
UP00051_1_Sox8_primary	0.916571415326	0.99964661288	0.881523775118	0.992817326152	0.999996398621	0.999999093412	0.999988529342	0.999991982046	0.99999999999	0.999999999999	1.0	0.999999999989
UP00257_1_Shox2_2641.2	1.0	0.999999999938	1.0	0.999999999981	0.987560479753	0.999999999731	0.999999999987	1.0	0.999999999982	1.0	0.999999999987	0.999999999996
UP00067_1_Lef1_primary	0.228852595156	0.99071977196	0.999999999999	1.0	0.577219064377	0.995954427687	0.952882978661	0.992765969686	0.999999999982	1.0	0.999999999997	0.999999999996
MA0041.1.Foxd3	0.998663583479	0.999999999947	0.999870016124	0.980931372809	0.999999998454	0.999999999891	1.0	0.999995376696	0.999999999936	0.999999999998	0.999999999914	0.999999982702
UP00071_1_Sox21_primary	0.999999999998	0.999999796499	0.987690790647	0.999941765005	0.999999443409	0.999999999825	0.99999701402	0.999999442013	0.999999999975	0.999999999998	0.999999999991	0.999999999993
UP00004_1_Sox14_primary	1.0	0.999996881877	0.975922997179	0.999999999994	0.999984278223	0.999999999643	0.999660681627	0.99999877934	0.999999999948	0.999999999998	0.999999999984	0.999999999997
UP00206_1_Hoxb7_3953.1	1.0	0.999413893659	1.0	1.0	0.99815611357	0.999395103043	0.98206505539	0.973567442907	0.937097294228	1.0	0.987583400175	0.91632284876
UP00075_1_Sox15_primary	0.999999999999	0.999530394263	1.0	0.924799042196	0.999846082658	0.999126557188	0.99960077899	0.996544525331	0.999999999956	0.999999999998	1.0	0.999999999987
UP00226_1_Mrg1_2246.2	0.99999999999	0.700951189371	0.576095522745	0.999999999979	0.51880404595	0.731286059996	0.944844017832	1.0	0.999999999978	1.0	0.999999999983	0.999999999999
UP00023_1_Sox30_primary	1.0	0.996312506752	0.865228402844	0.84014838448	0.999794996314	0.994246202654	0.982989561604	0.80484000044	0.999999999957	1.0	0.999999999972	0.999999999999
MA0019.1.Ddit3::Cebpa	0.836981194279	0.999795061212	0.221071921653	0.566340412005	0.55388034244	0.963743769579	0.457869951857	0.00944345350145	0.999999999967	1.0	0.94488976359	1.0
UP00244_1_Tlx2_3498.2	0.999999999996	0.999999999968	1.0	0.996499725287	0.999999996553	0.999999999778	0.999999999989	0.99995521821	0.999999999951	0.999999999998	0.999999999995	0.999999999994
UP00159_1_Six2_2307.2	0.999999999996	0.960914548936	0.379157211458	0.802308252329	0.458231037085	0.953220317601	0.937041830961	0.315286359898	0.999999999934	1.0	0.999999999987	1.0
UP00100_1_Gata6_primary	0.999999999998	0.991508549878	1.0	0.999999999981	0.999999999961	0.999773483925	0.986323874944	1.0	0.999999999962	1.0	0.99999999998	0.999999999999
MA0072.1.RORA_2	1.0	0.84813240421	1.0	0.923874446137	0.999999999946	0.985061706746	0.81301665569	0.994064356479	0.999999999957	1.0	0.924736921601	0.937174832403
UP00087_2_Tcfap2c_secondary	0.0967527966179	0.450072695639	1.0	0.263951842969	0.645812712184	0.0143724255604	0.400096227521	0.698021441998	0.247117456229	1.0	0.58120500652	0.533601998818
UP00183_1_Hoxa13_3126.1	0.263928965741	0.854199109426	0.486978195992	0.771020914839	0.120314480388	0.940292392415	0.700981892443	0.707558156316	0.631628189398	0.379419215792	0.035538566876	0.0876295950488
UP00081_2_Mybl1_secondary	0.999999999999	0.117542700659	0.317038374141	0.736804937849	0.97794845912	0.108304472091	0.400096227521	0.839974946001	0.999999999965	1.0	0.999999999977	0.999999999996
UP00253_1_Rax_3443.1	0.999999999998	0.99999999994	1.0	1.0	0.999999999932	0.999999999717	1.0	1.0	0.999999999971	1.0	1.0	0.999999999993
MA0150.1.NFE2L2	0.14992915464	0.698435450604	0.496604388854	0.887451081868	0.76721417844	0.354113763783	0.0587554357758	0.583295100906	0.844897921586	0.999999999998	0.988133191268	1.0
UP00240_1_Cdx1_2245.1	0.401651822765	0.999999999901	0.631855622194	0.98000721823	0.997966005595	0.999999999896	0.91607971402	0.988838014847	0.992308521296	1.0	1.0	0.999999999997
UP00201_1_Emx2_3420.1	0.999999999999	0.786515052732	0.379157211458	1.0	0.999999999925	0.96281225658	0.374612095428	0.960904102424	0.99999999996	1.0	1.0	0.999999999987
UP00230_1_Dlx5_3419.2	1.0	0.73673103112	0.710621467857	0.736804937849	0.587604975121	0.646433130624	0.717900092694	0.297309576551	0.434220063526	1.0	1.0	0.999999999987
UP00168_1_Hoxd8_2644.1	1.0	0.999999999885	1.0	0.980602879667	0.999347063282	0.999999999567	1.0	0.999799252395	0.999999999982	0.999999999999	0.999999999994	1.0
UP00391_1_Hoxa3_primary	0.999999999993	0.962193785765	0.736971919304	0.937106008872	0.999999999923	0.995133672534	0.897711526638	0.913481577964	0.999999999981	0.999999999998	1.0	1.0
MA0148.1.FOXA1	0.681737138836	0.984577524057	0.587962742318	1.0	0.992268855561	0.997049110619	0.563307453637	0.999928590831	0.97894438678	0.379419215792	0.869389612893	0.981871183949
UP00182_1_Hoxa6_1040.1	0.782827816322	0.9994672843	0.999999999994	0.801344871943	0.984183683465	0.998850827914	0.993627852179	0.527063585898	0.960974747627	0.534209477193	0.95273847432	0.865107053095
UP00099_1_Ascl2_primary	0.576169490033	0.0110807484104	0.3338004676	0.802308252329	0.383894873306	0.00701296672073	0.296903717444	0.962837204326	0.999999999982	1.0	0.888443247656	0.865107053095
UP00235_1_Hoxc11_3718.2	0.99999999999	0.352589316295	0.379157211458	0.496489248972	0.964469207562	0.804756682921	0.6083061916	0.481438519527	0.11748496102	1.0	0.0301127580641	0.00612733874533
UP00080_1_Gata5_primary	1.0	0.938326772349	0.710621467857	0.877315293811	0.999999999944	0.947254405737	0.987568937433	0.998614075965	0.999999999957	1.0	1.0	0.999999999996
MA0006.1.Arnt::Ahr	3.45112477929e-20	9.04905201334e-60	3.87569591658e-11	6.25066148815e-48	8.95611659223e-99	4.82036252611e-115	1.81280564281e-36	1.46487771651e-142	9.63111931386e-49	2.22916053277e-06	1.74095475026e-33	3.35861708319e-19
UP00047_2_Zbtb7b_secondary	0.999999999989	0.0744008830297	0.533657856475	1.0	0.00854798194243	0.00390956706589	0.698061597091	0.770861077459	0.999999999966	1.0	1.0	1.0
UP00008_3_Six6_2267.4	1.0	0.967703771743	0.999999999998	1.0	0.647507366612	0.933879283228	1.0	0.984939165109	0.999999999983	1.0	0.999999999991	0.999999999996
UP00024_1_Glis2_primary	0.248724614744	0.999999999946	1.0	0.760750809511	0.187742262845	0.747909882814	1.0	0.65488437285	0.999999999971	1.0	1.0	1.0
UP00025_1_Foxk1_primary	1.0	0.999992677937	0.801899138998	0.996341262089	0.99582028694	0.999999256255	0.999883487191	0.998400765709	0.999999999978	0.999999999998	1.0	1.0
MA0161.1.NFIC	0.225261032837	0.110111007977	0.390909301589	0.0541413584751	0.305007535538	0.0108427880611	0.000123827159776	0.261839201552	0.965986778205	0.719986494632	0.75697201496	0.0118527531491
UP00248_1_Pax7_3783.1	1.0	1.0	1.0	0.999999999979	0.99815611357	0.999999999792	1.0	0.985956036644	0.999999999982	1.0	1.0	1.0
UP00107_1_Nkx2-4_3074.1	0.999999999996	0.484753580565	0.999999999994	1.0	0.987074376949	0.951974626464	1.0	0.990711756166	0.999999999958	0.999999999998	0.717424272757	0.434251741744
UP00089_3_Tcf1_2666.2	0.999999999998	0.999999999971	1.0	0.525938092225	0.947962319226	0.88716627009	0.923807302642	0.647489551188	0.99999999996	1.0	1.0	1.0
UP00050_2_Bhlhb2_secondary	1.0	1.0	1.0	1.0	1.0	1.0	1.0	1.0	1.0	1.0	1.0	1.0
UP00406_1_Spdef_primary	0.248724614744	0.0521895863694	0.000314397108131	0.012154265407	0.00096073171358	0.00498933487305	0.0028775226931	0.00711573410829	0.0091329921764	0.173599003736	0.0150924242933	0.317020855856
UP00047_1_Zbtb7b_primary	0.999999999999	0.999999999954	1.0	1.0	0.416439910267	0.992973026653	0.952712120323	0.736584332955	0.836641386553	1.0	0.786593244121	0.999999999987
MA0061.1.NF-kappaB	0.999999999999	0.14117761337	0.736971919304	0.24711163657	0.408888453799	0.0492939015066	0.689075114666	0.424189572739	0.00918290321707	1.0	0.208805574681	0.736869423565
UP00267_1_Otx2_3441.1	0.99999999999	0.97331397066	1.0	0.999999999979	0.935480338282	0.980493395215	0.990664544466	1.0	0.999999999946	1.0	0.99999999999	0.999999999993
MA0142.1.Pou5f1	1.0	0.999957630117	0.980121621045	0.980374209812	0.999999737588	0.999999981405	0.98727824675	0.999937877676	0.999999999963	0.999999999999	0.999991364821	1.0
UP00030_1_Sox11_primary	0.24606132617	0.999481024925	0.881523775118	0.997045257544	0.92245561489	0.999898866108	0.996873150756	0.998690582177	0.999999999972	0.999999999999	0.999999999969	1.0
UP00018_1_Irf4_primary	0.999999999997	0.647511001696	0.263938362095	0.0324610499559	0.999999999912	0.225829152545	0.581176326038	0.138767867692	0.614549401086	1.0	0.0611360261985	0.127586064859
UP00084_1_Gmeb1_primary	1.0	0.0121631406662	1.0	1.0	0.0686070685497	0.00179143478649	0.0232843193285	1.0	0.00011086058922	0.0909090909092	0.0232820427537	0.173560637774
MA0018.2.CREB1	0.00825001192199	4.3472812307e-09	1.32036536362e-05	0.00283303632268	1.43279499752e-05	1.58160438104e-16	8.02107720894e-08	1.71468600231e-05	2.50890034398e-08	0.0909090909092	5.15349672243e-06	0.533601998818
UP00081_1_Mybl1_primary	0.999999999997	0.999999999955	1.0	1.0	0.316996865186	0.246214759446	1.0	1.0	0.0437636477672	1.0	5.08544008783e-08	0.000749428813345
MA0067.1.Pax2	0.173568169896	9.41583136865e-07	0.173564169772	1.80069973273e-07	0.0180479325685	7.26031167197e-09	0.000221654641768	1.52192686986e-11	5.26918247252e-05	0.248808743528	5.28135889753e-05	0.0185589866255
MA0098.1.ETS1	0.000198860968731	1.54370287715e-34	8.59614786372e-20	6.31329844515e-07	5.56155890825e-26	1.34704676192e-88	1.64482756815e-36	2.75963644106e-24	1.69393422621e-42	2.4581149052e-06	2.01155293539e-18	3.32212095505e-08
UP00155_1_Hmx2_3424.3	0.299012094779	0.998324318174	0.760925964921	0.999999999979	0.568026275857	0.999990293915	0.905196332575	1.0	0.999999999992	1.0	0.999999999982	0.999999999999
MA0068.1.Pax4	1.0	1.0	1.0	1.0	1.0	1.0	1.0	1.0	1.0	1.0	1.0	1.0
UP00041_1_Foxj1_primary	0.976009873256	0.999537787699	0.164276114962	0.988160184558	0.985813738513	0.999989314727	0.997912790325	0.999520966344	0.999999999977	0.999999999999	0.999999999992	1.0
UP00142_1_Uncx4.1_2281.2	1.0	0.996730818987	1.0	0.999999999996	0.99999999993	0.999598426111	1.0	0.999999999979	0.999999999958	1.0	0.999999999983	1.0
MA0141.1.Esrrb	0.576169490033	0.98531753765	0.736971919304	0.587716614579	0.630017146577	0.888807501591	0.115639189342	0.19238146959	0.612007556414	0.317211238632	0.940396634148	0.786781075078
MA0122.1.Nkx3-2	0.196538318717	0.527085899986	0.760925964921	0.999999999996	0.486763127375	0.565543054895	0.715413746572	0.876253331625	0.828031125908	0.999999999998	0.863290117901	0.888558422695
UP00181_1_Barx1_2877.1	0.802626121984	0.973055527519	1.0	0.937106008872	0.71173423267	0.967128585814	0.897711526638	0.761086444158	0.999999999982	1.0	1.0	0.999999999999
UP00243_1_Isx_3445.1	1.0	0.698039618143	1.0	0.64961565851	0.999999999936	0.88716627009	0.82022857179	0.907762789352	0.999999999955	1.0	0.999999999995	1.0
UP00035_1_Hic1_primary	0.12753687016	0.395257852363	0.486978195992	0.0193507776424	0.0730091631998	0.57152185265	0.267812735673	0.175574855086	0.82028823045	1.0	0.770958668869	0.999999999987
UP00160_1_Obox3_3439.1	1.0	0.60828393354	1.0	1.0	0.975740920199	0.959359624376	1.0	0.996400413636	0.999999999958	1.0	0.999999999989	0.999999999999
UP00147_1_Nkx2-6_3437.1	1.0	0.675256339803	1.0	0.999999999996	0.989043338467	0.906985172412	1.0	0.980511695841	0.999999999946	1.0	1.0	1.0
UP00097_1_Mtf1_primary	1.0	0.00887576367501	0.0065046901	0.48690312304	0.196720139581	1.25113647191e-05	0.00013940608017	0.474413592675	0.0553707366825	1.0	1.0	1.0
MA0032.1.FOXC1	0.851850476673	0.996685601581	0.498468910067	0.913765129601	0.990658407178	0.998412801696	0.285038260654	0.993543152835	0.675461603636	0.534209477193	0.36738818034	0.35232393556
UP00177_1_Hoxd12_3481.1	0.999999999998	0.450072695639	0.317038374141	0.681488701093	0.877225494313	0.645750379931	0.736628444873	0.68383434902	0.0150834709	1.0	0.000317295012087	0.00178186849709
UP00056_2_Rfx4_secondary	0.99999999999	0.0366788408956	0.435633168566	0.710464029646	0.888393000005	0.333824324385	0.117530592079	0.425268493009	0.999999999928	1.0	1.0	1.0
UP00064_1_Sox18_primary	1.0	0.999439766858	1.0	0.973148579898	0.999998435529	0.999983326221	0.998860061081	0.999348952848	0.999999999951	0.999999999999	1.0	1.0
UP00237_1_Otp_3496.1	0.999999999996	0.999999999916	1.0	0.999999999979	0.989721815038	0.999999999696	1.0	1.0	0.999999999962	1.0	1.0	0.999999999996
UP00029_1_Tbp_primary	0.997109000072	0.999999999954	1.0	0.808413870623	0.999999997803	0.999999999744	1.0	0.980593582045	0.99999999996	1.0	1.0	0.999999999993
UP00166_1_Barhl1_2590.2	0.999999999993	0.998286178233	0.888679228015	0.973371870414	0.999467151586	0.999584323626	0.994208114571	0.901030844414	0.999999999967	1.0	0.999999999997	1.0
UP00012_1_Bbx_primary	0.999999999997	0.999999999909	1.0	1.0	0.999991928531	0.999999999838	0.98785578962	0.999998389929	0.999999999965	0.999999999998	1.0	1.0
UP00070_2_Gcm1_secondary	1.0	0.0366788408956	0.999999999998	0.160257012551	0.782436637732	0.216842938421	0.907791897589	0.400089532841	0.999999999983	1.0	1.0	1.0
UP00250_1_Irx5_2385.1	0.761047770897	0.931525340363	0.760925964921	0.970890122193	0.998324018703	0.997422999451	0.751879647265	0.993980506891	0.999999999987	1.0	1.0	1.0
UP00238_1_Nkx6-3_3446.1	0.999999999993	0.999999999934	1.0	0.987601249969	0.997140168063	0.999999263249	0.999637166574	0.995638498377	0.999999999968	0.999999999999	0.999999999993	1.0
MA0073.1.RREB1	0.761047770897	0.399898565004	0.802495741336	0.677168664087	0.674701803287	0.344556691772	0.0137492081152	0.821983596402	0.975791721733	0.999999999998	0.990676886181	0.865107053095
MA0037.1.GATA3	1.0	1.0	1.0	1.0	1.0	1.0	1.0	1.0	1.0	1.0	1.0	1.0
MA0071.1.RORA_1	0.865365871779	0.253844389627	1.0	0.000726411047134	0.0396473392135	0.0925295046085	0.511571023007	2.65119811529e-06	0.962323601319	0.487433175448	0.999059367833	1.0
UP00211_1_Pou3f3_3235.2	0.299012094779	0.999913275224	0.943006603005	0.940454628367	0.993067088706	0.999975811914	0.9742982713	0.96525922783	0.999999999977	1.0	0.997978903906	0.961041234405
UP00002_2_Sp4_secondary	0.999999999989	0.00161787996768	0.090909090909	0.000956366627109	0.00440271639232	4.76683800313e-07	0.43419741239	0.000136704887723	0.000319227956863	1.0	0.00537937065419	0.00178186849709
UP00040_1_Irf5_primary	1.0	0.309927331475	0.576095522745	0.0185776500015	0.877225494313	0.315297119307	0.496447812602	0.065484784395	0.0711355416372	0.248808743528	0.133843159511	0.0685816160182
MA0070.1.PBX1	1.0	0.98911340167	0.554355162406	0.647650073469	0.950005147988	0.999919054326	0.967243602294	0.996803600095	0.989754578429	1.0	0.999999999989	1.0
UP00212_1_Lhx5_2279.1	1.0	0.999999999944	1.0	0.999999999993	0.999982913309	0.999999995903	0.999516695052	0.999992024298	0.99999999996	0.999999999998	0.999999999983	1.0
UP00030_2_Sox11_secondary	1.0	0.998503386925	0.967908279118	0.953441687439	0.999996637263	0.999990950574	0.931584609681	0.991255447414	0.999999999995	1.0	0.99874686869	0.975846209496
MA0077.1.SOX9	0.836981194279	0.851370352864	0.496604388854	0.608403262238	0.994831238324	0.969433663021	0.889452778863	0.49982415095	0.975791721733	1.0	0.983464111999	0.999999999999
UP00070_1_Gcm1_primary	1.0	0.000214101306487	1.0	0.00913166936982	0.614500405761	0.000242628231067	0.649567299064	0.0193877938361	0.0711355416372	0.0909090909092	1.65121071889e-05	0.00178186849709
UP00023_2_Sox30_secondary	0.681737138836	0.999999999938	1.0	1.0	0.890188005819	0.999860718326	0.534262030767	0.999813378953	0.999999999957	0.999999999998	1.0	0.999999999993
UP00200_2_Nkx6-1_2825.2	0.999999999999	0.999928363434	0.999999999999	0.983484849418	0.995968643542	0.999991196602	0.999414908733	0.998425398934	0.999999999954	0.999999999999	1.0	1.0
UP00179_1_Pou2f3_3986.2	1.0	0.999946220847	1.0	0.975237314614	0.999999999909	0.999999739148	0.997482033822	0.994288633556	0.99999999996	1.0	1.0	1.0
UP00027_1_Osr1_primary	0.999999999999	0.851320900908	1.0	0.554197565437	0.587604975121	0.977115167054	0.907791897589	0.568008069898	0.99999999996	1.0	0.607014860342	1.0
MA0104.2.Mycn	0.317058216345	0.00214972901002	0.0553047797575	3.02898147969e-05	0.00529370774678	1.93712692235e-05	4.33187357664e-05	0.000103170239169	8.79936203372e-05	1.0	4.67446866554e-17	9.73449651509e-11
UP00073_1_Foxa2_primary	0.999999999993	0.999989714479	0.905643388506	0.992817326152	0.99674939288	0.999999999192	0.999980400721	0.998745904396	0.999999999967	1.0	0.999999999965	0.999999999989
UP00007_1_Egr1_primary	0.160195217623	0.544209573191	0.160220572661	0.888482407843	0.0880511433422	0.0315131756	0.0240043502574	0.315286359898	1.11972633618e-05	1.0	0.0150924242933	0.0886189635888
UP00007_2_Egr1_secondary	1.0	0.918626620373	0.710621467857	0.782519288626	0.352589601487	0.756321277145	0.288760928282	0.721707935585	0.916240213129	1.0	0.898594801781	0.710524830049
UP00101_2_Sox12_secondary	0.401651822765	0.982303713768	0.373954358384	0.996748671078	0.999985552822	0.99991215915	0.913193488959	0.999990778669	0.999999999963	1.0	1.0	0.999999999999
UP00105_1_Pou3f4_3773.1	1.0	0.999999999963	1.0	0.994755187179	0.999710633774	0.99999999792	0.999981278861	0.998035511743	0.999999999989	1.0	1.0	0.999999999993
MA0132.1.Pdx1	1.0	1.0	1.0	1.0	1.0	1.0	1.0	1.0	1.0	1.0	1.0	1.0
UP00252_1_Hoxc5_2630.2	0.802626121984	0.999999999909	1.0	1.0	0.991952853627	0.99999825999	1.0	0.999699166708	0.999999999967	0.999999999999	1.0	1.0
UP00020_1_Atf1_primary	1.0	0.00854381771922	1.0	0.173558414987	0.401538868719	5.24223648973e-05	0.107794252246	0.297309576551	0.0185800131579	1.0	0.00590370636899	0.248704069397
UP00171_1_Msx3_3206.1	0.820622688101	0.999990377778	0.999999999999	0.983484849418	0.981625793955	0.999998866456	0.998617498116	0.90599467103	1.0	1.0	0.999999999972	1.0
UP00049_2_Sp100_secondary	1.0	0.0968285066767	1.0	0.173558414987	1.0	0.012166564867	1.0	0.173555473665	0.0232799223628	1.0	0.999999999968	1.0
MA0018.1.CREB1	1.0	5.30117662916e-05	0.0232651026311	1.0	0.00914396036917	8.63061407317e-09	0.150116716982	0.19420479853	1.33398601448e-05	0.248808743528	0.0198494736208	0.248704069397
UP00010_1_Tcfap2b_primary	0.487030394343	0.203425974286	0.317038374141	0.368032222997	0.408232543844	0.0422615437894	0.0314169967061	0.176345088792	0.00562349545567	1.0	0.496466351585	0.614601996368
MA0079.2.SP1	0.175871699445	0.0414775891119	0.0262559260725	0.399860187045	0.00200882283414	0.00207298150623	0.00670670323662	0.0220675938547	2.0838584488e-14	0.127660041697	1.96330446818e-05	0.038101186154
UP00069_1_Sox1_primary	1.0	0.999026005108	0.961134969836	0.999999999979	0.999984914085	0.99999999435	0.996815070423	0.999999919081	0.999999999971	0.999999999999	1.0	1.0
UP00001_2_E2F2_secondary	0.248724614744	0.0968285066767	1.0	0.173558414987	0.071164946928	0.0886995571222	0.435552948915	0.00652232395367	0.317008436259	1.0	0.173557269798	1.0
UP00054_1_Tcf7_primary	0.761047770897	0.995637034037	1.0	0.999999999992	0.94392122898	0.99431346421	0.998136441679	0.999861450106	0.999999999944	0.999999999998	1.0	1.0
MA0059.1.MYC::MAX	0.160195217623	0.00860664852747	0.194156526308	0.246174081326	0.225798688154	4.86244707811e-05	0.0355686512729	0.426742480509	0.0313744127819	0.0909090909092	3.86004493529e-21	7.26657528058e-16
UP00096_2_Sox13_secondary	0.533721133876	0.801241255843	1.0	0.836650911767	0.956445247206	0.870023232096	0.967715492209	0.978858345631	0.999999999982	1.0	0.942798544307	1.0
UP00227_1_Duxl_1286.2	1.0	0.942756233039	1.0	0.999999999993	0.999999999924	0.985940728063	0.907791897589	0.935463384057	0.99999999997	1.0	0.999999999987	1.0
MA0149.1.EWSR1-FLI1	0.999999999999	0.999999999907	1.0	0.999999999983	0.999999999942	0.999999999803	1.0	1.0	0.999999999986	0.999591628074	0.999999999992	0.999999999996
UP00261_1_Lhx4_1719.2	0.99999999999	0.979956493185	1.0	0.916249500203	0.812973198886	0.999725848622	0.861936227709	0.732975020791	0.999999999961	1.0	0.99999999998	1.0
UP00258_1_Tgif2_3451.1	1.0	0.97331397066	0.533657856475	0.999999999979	0.721736114979	0.804756682921	0.417347007748	1.0	0.681481536572	1.0	1.0	1.0
UP00135_1_Hoxc12_3480.1	0.99999999999	0.677057583367	1.0	0.681488701093	0.999999999924	0.956403850894	0.851446030492	0.416436897823	0.0249432301804	1.0	0.00537937065419	0.0296154308765
UP00203_1_Pknox1_2364.2	0.999999999999	0.814980023175	0.681635237082	1.0	0.801235984536	0.42418586924	0.851349056466	1.0	0.999999999929	1.0	1.0	1.0
UP00103_1_Jundm2_primary	1.0	0.0621746522068	0.317038374141	0.999999999975	0.554126027813	0.000100975578944	0.0521776892384	0.425268493009	0.00852903985001	1.0	0.088666149326	0.999999999995
UP00034_2_Sox7_secondary	1.0	1.0	1.0	1.0	1.0	1.0	1.0	1.0	1.0	1.0	1.0	1.0
MA0047.1.Foxa2	0.993753202501	0.999999999484	0.953247425909	0.99614645214	0.999937698025	0.999999999805	0.99999997837	0.999999576109	0.999999999972	0.999999999999	0.999998433729	0.999923372257
MA0100.1.Myb	0.99999999999	0.0803169564814	0.263938362095	0.647650073469	0.784677621577	0.000367309610077	0.0729769696614	0.499707016922	0.0220505643261	0.0683793299878	0.315253548881	0.736869423565
UP00185_1_Pbx1_3203.1	0.576169490033	0.999999999939	0.3338004676	1.0	0.991459320983	0.999229853388	0.715413746572	0.999794678019	0.999999999949	1.0	1.0	1.0
UP00223_1_Irx3_0920.1	0.710730952405	0.814063219483	1.0	0.986357878004	0.99362207772	0.982411098664	0.62912471379	0.998854946745	0.999999999957	1.0	1.0	0.999999999999
UP00057_2_Zic2_secondary	0.61476025613	0.115468926371	0.434296440155	0.0116707010359	0.702393832254	0.00637833809582	0.551314260695	0.0487308915736	0.0742565211238	0.379419215792	0.889732742288	0.736869423565
UP00071_2_Sox21_secondary	0.999999999996	0.812978540197	1.0	0.681488701093	0.944817274997	0.316561656809	1.0	0.775879475958	0.999999999963	1.0	0.999999999976	1.0
UP00054_2_Tcf7_secondary	0.851850476673	0.999997705068	1.0	0.99339494348	0.999979747159	0.999999192101	0.998765308762	0.999992162814	0.999999999946	0.999999999999	0.99975348799	1.0
MA0104.1.Mycn	6.49094514118e-07	2.93636353909e-51	6.83698060091e-14	1.63289863174e-13	8.70353515208e-26	4.67121451002e-122	1.26407436873e-47	2.66142070838e-30	2.69767101734e-40	0.000402103908848	1.1878645729e-89	1.04857612357e-48
MA0113.1.NR3C1	0.12753687016	0.863175125513	1.0	1.0	0.594161833839	0.766661610693	1.0	0.994727312991	0.999999999965	1.0	0.187704839119	0.710524830049
UP00164_1_Hoxa7_2668.2	0.681737138836	0.999999999906	1.0	0.999999999975	0.998960252871	0.999206224259	0.996406895722	0.964768549348	0.999999999967	0.999999999999	1.0	1.0
UP00246_1_Hoxa11_2218.1	1.0	0.296914198475	1.0	0.581240431176	0.964469207562	0.638193700156	0.801226937445	0.629069367913	0.0876872977518	1.0	0.000459055651585	0.000137902076576
UP00068_2_Eomes_secondary	0.317058216345	0.450072695639	0.435633168566	0.263951842969	0.970640963423	0.0183136416047	0.00919957391879	0.544196190891	0.000169233624172	1.0	0.128317924414	0.486932116813
UP00264_1_Hoxa1_3425.1	1.0	0.997544985815	0.681635237082	1.0	0.99999999995	0.974321830239	0.9121662187	0.853394912526	0.999999999968	0.999999999998	0.999999999998	0.999999999999
UP00184_1_Lhx8_2247.2	0.999999999999	0.73673103112	1.0	0.614555311642	0.717873731834	0.732933737438	0.864959515717	0.581149464684	0.999999999955	1.0	0.999999999995	0.999999999995
UP00123_1_Hlxb9_3422.1	0.999999999999	0.907775965903	1.0	0.999999999993	0.77590437854	0.907378094188	0.947978208358	0.964460842365	0.802299085492	1.0	1.0	1.0
UP00191_1_Pou2f2_3748.1	1.0	0.999785887556	1.0	0.986032287592	0.999999999977	0.99999982322	0.999531616499	0.992403745476	0.999999999975	1.0	0.999999999955	1.0
MA0024.1.E2F1	0.090909090909	0.128339907531	0.090909090909	0.379113961871	0.00178990961935	0.00201947794961	0.055390298373	8.55309933756e-05	2.67422684888e-08	0.0231795241529	0.435562451795	1.0
MA0109.1.Hltf	1.0	0.999999999974	1.0	0.773490747941	0.997047791764	0.999999999865	0.997378144704	0.958339860155	0.987596864163	0.487433175448	0.999059367833	0.961041234405
MA0027.1.En1	1.0	0.433963142295	0.760925964921	0.912282796545	0.984183683465	0.568301855404	0.740128780533	0.933043011323	0.889783206468	1.0	0.962913162763	0.937174832403
UP00195_1_Six3_1732.2	0.649843385172	0.889650793197	1.0	0.898633636535	0.594161833839	0.940170425858	1.0	0.834661616741	0.99999999996	1.0	0.99999999999	1.0
MA0136.1.ELF5	0.655402029519	0.978314824036	0.983588914609	0.987935435517	0.995551142522	0.981694183239	0.736614743099	0.99434879688	0.918827932064	0.576740405019	0.822731129247	0.996080826543
MA0004.1.Arnt	6.49094514118e-07	2.93636353909e-51	6.83698060091e-14	1.63289863174e-13	8.70353515208e-26	4.67121451002e-122	1.26407436873e-47	2.66142070838e-30	2.69767101734e-40	0.000402103908848	1.1878645729e-89	1.04857612357e-48
UP00027_2_Osr1_secondary	0.248724614744	0.935483797397	0.248713703338	1.0	0.962851019341	0.962137461896	0.717900092694	0.960904102424	0.999999999954	1.0	0.999999999984	1.0
UP00098_1_Rfx3_primary	1.0	1.0	1.0	1.0	1.0	1.0	1.0	1.0	1.0	1.0	1.0	1.0
UP00094_2_Zfp128_secondary	0.13120928481	0.999981401348	0.975922997179	0.202627222527	0.944519595294	0.999999805424	0.999720992055	0.233083984451	0.999999999989	0.999999999999	1.0	1.0
UP00130_1_Lhx3_3431.1	1.0	0.999999999972	1.0	1.0	0.999977238116	0.999999994802	0.999831108056	0.999893642817	0.999999999949	0.999999999998	0.999999999988	0.99999999999
UP00120_1_Lbx2_3869.2	1.0	0.987561519506	1.0	0.999999999984	0.999999999917	0.999465323998	0.802240751795	1.0	0.999999999992	1.0	0.99999999999	1.0
UP00000_1_Smad3_primary	0.999999999999	0.861908042615	0.107676373842	0.575989149325	0.544207305415	0.883149315879	0.0499943585721	0.88962782375	0.297292183235	1.0	0.654957502931	0.681545291444
MA0144.1.Stat3	0.401651822765	0.0955016264081	0.0312308660817	0.415378461226	0.219143644597	0.211886132099	0.0158705160467	0.66052609193	0.302605707825	1.0	0.940375512877	0.684152042538
MA0115.1.NR1H2::RXRA	0.999999999999	0.416440524888	0.61467619606	0.271602833363	0.839994200241	0.183175031258	0.544225756122	0.317266444186	0.999999999963	1.0	0.374615549991	0.401583026968
MA0039.1.Klf4	0.872668017272	0.999386383341	0.919667850507	0.999946097764	0.964115399198	0.999999501778	0.995805201106	0.99999998417	0.99987466512	1.0	0.999996991395	0.999256632892
MA0090.1.TEAD1	0.649843385172	0.822040068482	0.61467619606	0.881184745958	0.751819296481	0.134699103952	0.687435684765	0.97436284246	0.71748255342	0.248808743528	0.894496595258	0.677265624373
UP00115_1_Lhx2_0953.2	0.99999999999	0.991508549878	1.0	0.90786134373	0.996402851338	0.999634974978	0.960927178953	0.747952545257	0.999999999982	1.0	0.999999999991	1.0
MA0099.1.Fos	0.681737138836	0.78649129398	0.323082582151	0.0526532180352	0.623077970679	0.409246902241	0.89024288614	0.473645397477	0.897815096992	0.999999999998	0.879791782883	0.923946455012
UP00066_2_Hnf4a_secondary	0.999999999996	0.600508380328	0.999999999998	0.999999999969	0.986314975155	0.686955156511	0.557371962431	0.95975604215	0.877305627332	1.0	1.0	0.999999999999
MA0038.1.Gfi	0.348916039677	0.998041347379	0.267670254222	0.557743394919	0.963866135787	0.997047767493	0.744987292516	0.960802165279	0.99896775775	0.379419215792	0.997492402786	0.990721646544
UP00074_1_Isgf3g_primary	0.999999999996	0.999530394263	0.865228402844	0.863384025664	0.998976138861	0.999848225608	0.975164561489	0.872711719963	0.71748255342	0.999999999999	0.687537251085	0.771141784814
UP00205_1_Pknox2_3077.2	0.99999999999	0.518806344648	0.710621467857	0.999999999979	0.315280398082	0.439438595832	0.6083061916	0.984939165109	0.999999999971	1.0	0.999999999987	1.0
UP00125_1_Pitx2_2274.3	0.999999999996	0.812978540197	0.999999999999	0.999999999992	0.959770328351	0.869143225754	0.995650753379	0.930249921798	0.999999999982	1.0	0.99999999999	1.0
UP00036_1_Myf6_primary	0.435674176596	0.287656311439	1.0	0.655004146904	0.721736114979	0.0153093593524	0.408235342239	0.499616142719	0.957064641119	1.0	0.145891162871	0.150951910503
UP00103_2_Jundm2_secondary	0.999999999999	0.207041277102	0.379157211458	0.128299973062	0.373954635451	0.252111017807	0.888411536763	0.474413592675	0.681481536572	1.0	0.898594801781	0.999999999996
UP00046_2_Tcfe2a_secondary	0.999999999999	0.153493102446	1.0	0.802308252329	0.944817274997	0.0376237938036	0.0594412726784	0.516886638502	0.999999999988	1.0	1.0	1.0
UP00045_2_Mafb_secondary	0.898964507384	0.999750175063	0.999999999994	0.999999999985	0.999990052058	0.999999743013	0.999999722818	0.999998996085	0.999999999963	0.999999999999	0.999999999988	0.999999999999
UP00037_1_Zfp105_primary	0.996741972284	0.999999999936	1.0	0.983693952457	0.999989396404	0.999999999899	1.0	0.999986155671	0.999999999978	0.999999999997	0.999999999992	0.999999992776
UP00006_2_Zic3_secondary	0.681737138836	0.0421954394775	0.228869462949	0.00120963147036	0.606559401256	0.00479584895526	0.216760030408	0.0719645965544	0.243053638993	0.379419215792	0.151399970528	0.851592870422
UP00092_2_Myb_secondary	0.999999999999	0.246203442191	1.0	0.614555311642	0.999999999917	0.483308966139	0.474431514121	0.82787552982	0.999999999955	1.0	1.0	0.999999999993
UP00233_1_Meox1_2310.2	0.649843385172	0.980523895554	0.999999999991	0.815127340147	0.929281576912	0.938426613335	0.991514544265	0.751782947895	0.930796658343	0.317211238632	0.957040891641	0.760818451888
UP00209_2_Cart1_1275.1	1.0	0.999999999919	0.999999999999	0.999999999981	0.999999999955	0.999999999667	1.0	0.996728059148	0.999999999958	1.0	1.0	1.0
MA0063.1.Nkx2-5	1.0	1.0	1.0	1.0	1.0	1.0	1.0	1.0	1.0	1.0	1.0	1.0
UP00406_2_Spdef_secondary	1.0	0.995646748876	1.0	0.698157431927	0.99999999993	0.992521088534	0.81301665569	0.907424048221	0.999999999962	1.0	0.99999999999	0.999999999996
MA0035.1.Gata1	1.0	1.0	1.0	1.0	1.0	1.0	1.0	1.0	1.0	1.0	1.0	1.0
UP00188_1_Lmx1a_2238.2	0.953048055377	0.999999958765	1.0	0.990771635218	0.992744403948	0.999999999006	0.999977331252	0.998103021354	0.999999999949	0.999999999998	1.0	1.0
IRF8_ISRE_KANNO	1.0	0.999954110715	0.519093346432	0.964384275903	0.999973771523	0.999987907655	0.673045925462	0.987609336244	0.953424047205	0.999999999999	0.988915001249	0.959981817145
UP00078_1_Arid3a_primary	0.908188253198	0.999850058714	1.0	0.989102094684	0.999630395986	0.999999916847	1.0	0.998163219318	0.999999999951	0.999999999999	0.999999999967	1.0
UP00223_2_Irx3_2226.1	0.802626121984	0.863126856764	1.0	1.0	0.99702804195	0.98125435334	0.735420389939	1.0	0.999999999957	1.0	0.999999999983	1.0
UP00234_1_Msx1_3031.2	0.999999999993	0.999999999979	1.0	0.96776656726	0.998615363081	0.999991177758	1.0	0.959210064377	0.999999999982	0.999999999998	0.999999999997	0.999999999993
MA0133.1.BRCA1	1.0	1.0	1.0	1.0	1.0	1.0	1.0	1.0	1.0	1.0	1.0	1.0
UP00015_2_Ehf_secondary	0.999999999999	0.861908042615	0.379157211458	0.607054222584	0.999999999938	0.715264888163	0.518822748821	0.481438519527	0.999999999978	1.0	0.0521544817429	0.117421114467
MA0056.1.MZF1_1-4	0.95467117298	3.96516452037e-08	0.0625799954273	0.666889715763	0.128022399284	3.59441480551e-14	3.36223239044e-08	0.082572384112	2.01388583876e-07	0.0188634144908	1.92350642344e-10	0.000154283919925
MA0081.1.SPIB	0.500119725112	0.986088987108	0.0111213398762	0.961314820563	0.65841578838	0.90497188357	0.153838870937	0.992530871157	0.662957119938	0.271222707366	0.219583235723	0.250957086686
MA0099.2.AP1	1.0	1.0	1.0	1.0	1.0	1.0	1.0	1.0	1.0	1.0	1.0	1.0
UP00060_2_Max_secondary	0.173568169896	0.00542393283114	1.0	0.575989149325	0.00712432248078	3.13834809461e-05	0.0743907443244	0.0264248990282	0.00201126808547	1.0	4.56336533602e-06	8.29411818724e-06
MA0066.1.PPARG	0.999999999989	0.999999999956	0.999999999998	0.435574186981	0.465853280029	0.923760051624	0.614511788943	0.677040445915	0.999999999966	1.0	1.0	1.0
MA0164.1.Nr2e3	0.888816070802	0.576278126389	0.908054189099	0.980602879667	0.995063160377	0.961911817805	0.923884270342	0.999189819861	0.993922570799	0.999999999998	0.997492402786	1.0
MA0036.1.GATA2	0.999998926991	0.999999999926	0.999303454506	0.999999999955	0.999999999917	0.999999999893	0.999999999998	0.99999999999	0.999999999978	0.999531334215	0.998884885914	0.92773184591
UP00034_1_Sox7_primary	1.0	1.0	1.0	1.0	1.0	1.0	1.0	1.0	1.0	1.0	1.0	1.0
MA0108.1.TBP	0.368088800348	0.99737387607	1.0	0.844920986605	0.763167725819	0.998454508288	0.998961999619	0.823867027097	0.999999999944	1.0	0.992999929368	0.91632284876
UP00162_1_Evx1_3952.2	1.0	0.923791898594	0.486978195992	0.999999999984	0.905165383851	0.994721714881	0.348916330208	1.0	0.999999999978	1.0	1.0	1.0
UP00062_1_Sox4_primary	0.150752695227	0.99176651072	0.851812946709	0.997559776323	0.879519379317	0.998809650212	0.996381606513	0.998690582177	0.999999999955	0.999999999998	0.999999999965	1.0
UP00174_1_Hoxa2_3079.1	0.576169490033	0.994731044082	0.681635237082	0.916249500203	0.988098516236	0.997259189111	0.881062724685	0.936363961023	0.960974747627	0.379419215792	0.937070548428	0.80238065823
UP00127_1_Gsh2_3990.2	0.681737138836	0.996043086118	0.61467619606	0.923874446137	0.901109209814	0.997365038452	0.935508478897	0.8692041068	0.999999999992	1.0	0.999999999976	0.999999999999
MA0065.2.PPARG::RXRA	0.576169490033	0.857962089403	1.0	0.153336311121	0.852710896211	0.753257351182	0.866423390201	0.202165032801	0.996420240386	0.999999999998	0.973106769566	0.948104077745
UP00241_1_Hoxd3_1742.2	0.681737138836	0.991320056988	0.736971919304	1.0	0.999559806057	0.99018937994	0.77329112235	0.995628569495	1.0	0.999999999999	0.999999999998	1.0
MA0151.1.ARID3A	0.980957820508	0.999999999974	0.999998319351	0.999999999909	0.999999999908	0.999999999762	1.0	1.0	0.999999999978	0.984590875732	0.999999995066	0.999995169863
UP00251_1_Esx1_3124.2	0.999999999993	0.991508549878	1.0	0.999999999979	0.99065732638	0.99827961885	0.999999999987	0.992979681421	0.99999999996	1.0	0.99999999998	1.0
klf4_homer	0.101839069428	0.000442923725835	0.581418591746	0.00154849525852	2.55010322035e-07	6.63340000173e-06	0.0281030426847	2.20690542229e-06	0.276590944502	0.999999999999	0.136679869918	0.417371623071
MA0002.2.RUNX1	0.931114925536	0.978989216627	0.267670254222	0.934130520951	0.999295426755	0.966154479132	0.653349147586	0.922472871073	0.996746701856	0.317211238632	0.999358360377	0.907935826517
MA0105.1.NFKB1	0.317058216345	0.142972259783	0.263938362095	0.271602833363	0.00764318208188	0.0189180457674	0.0645158653109	0.433991832728	0.02192272204	1.0	0.081542111694	0.401583026968
UP00089_2_Tcf1_secondary	0.041408483226	0.207024471242	0.999999999999	0.0300927943085	0.100477832994	0.415378655919	0.815007506777	0.0061513339463	0.865021032805	1.0	0.323106468132	0.299012176698
UP00089_1_Tcf1_primary	0.99999999999	0.999999999917	0.999999999999	0.802308252329	0.947962319226	0.96281225658	0.754284467273	0.88962782375	0.999999999957	1.0	1.0	0.999999999996
UP00170_1_Isl2_3430.1	1.0	0.99989396052	0.877512984271	0.991540650077	0.999979313225	0.999999909867	0.999516695052	0.995483963712	0.99999999997	0.999999999999	0.999999999985	1.0
UP00048_1_Rara_primary	0.487030394343	0.516901894336	1.0	1.0	0.315280398082	0.499747005079	0.352365768613	0.178773510651	0.999999999961	1.0	0.930769265142	0.736869423565
MA0101.1.REL	0.0967527966179	0.429580342645	1.0	0.437484529623	0.15941701789	0.521218573281	0.844988297752	0.64195394876	0.0263689404361	0.999999999999	0.924736921601	1.0
UP00197_1_Hoxc9_2367.2	0.710730952405	0.999999999981	0.820489350299	0.999999999989	0.999355001142	0.999999330379	0.977098630525	0.999695502395	0.999999999948	0.999999999998	0.999999999998	1.0
UP00222_1_Tcf2_0913.2	1.0	0.999999999986	1.0	0.760750809511	0.999999999936	0.518772442431	1.0	0.851297616343	0.999999999954	1.0	0.999999999993	1.0
UP00208_1_Obox5_2284.1	0.99999999999	0.999999999965	1.0	0.930805584021	0.994202663704	0.999052183389	0.993627852179	0.953257298403	0.999999999976	1.0	1.0	1.0
UP00111_1_Dmbx1_2277.1	0.99999999999	0.999999999986	0.999999999999	1.0	0.99999999995	0.999999999793	1.0	0.964460842365	0.99999999997	1.0	1.0	1.0
UP00407_2_Elf3_secondary	0.870518422231	0.999999999883	0.999821149362	0.995960138039	0.999055742376	0.999999999695	0.999999999991	0.999905080511	0.999999999968	1.0	0.999999999967	1.0
MA0162.1.Egr1	0.194134284593	3.12222374334e-07	0.0185293317755	0.00253917374627	1.74477014746e-07	6.32815191365e-14	1.45864353187e-06	3.17748076864e-06	9.94578438135e-12	0.248808743528	1.64354821706e-06	0.0300540415281
MA0259.1.HIF1A::ARNT	0.0232552801953	0.000105010843598	1.0	0.00190195240373	0.00590845513546	2.87404532106e-10	8.3982849536e-06	0.00105553296149	0.0091329921764	1.0	2.12597687945e-07	0.0065118510662
UP00194_1_Irx4_2242.3	0.865365871779	0.935119164529	0.710621467857	0.999999999995	0.999559806057	0.998591627325	0.763229446825	1.0	0.999999999948	1.0	1.0	0.999999999987
UP00256_2_Lhx6_3432.1	0.999999999998	0.999999999971	1.0	1.0	0.930722659042	0.999999999887	0.999999999959	1.0	0.999999999988	1.0	0.736771719539	0.999999999995
UP00068_1_Eomes_primary	0.99999999999	0.296914198475	1.0	1.0	0.967702129055	0.139327025567	0.587628112497	0.498938495196	0.999999999982	1.0	0.450095435142	0.194176145712
UP00055_1_Hbp1_primary	1.0	0.993600067346	1.0	0.991540650077	0.977492707694	0.999994711848	0.998429862765	0.999685233186	0.999999999981	1.0	1.0	1.0
MA0258.1.ESR2	0.487030394343	0.628255128654	1.0	0.221148828714	0.0281637927053	0.58532236818	0.425278816231	0.284600572681	0.607044547893	1.0	0.698104472682	0.263946641183
MA0159.1.RXR::RAR_DR5	0.999999999996	0.000408285892765	1.0	0.368032222997	0.717325168493	0.00100486946454	0.654919739917	0.0333577113685	0.999999999963	1.0	0.000656467814818	0.0886189635888
UP00113_1_Hoxc4_3491.1	1.0	0.999999999965	1.0	0.96776656726	0.998884038625	0.999893164775	1.0	0.999813378953	0.999999999962	0.999999999998	0.999999999997	1.0
UP00073_2_Foxa2_secondary	0.718476145786	0.99999878823	0.890136054839	0.996639086554	0.958516434715	0.999999996181	0.999792414226	0.999942154296	0.999999999959	1.0	1.0	0.999999999992
UP00088_1_Plagl1_primary	0.317058216345	0.782438743948	0.999999999998	0.533566853113	0.00287939961273	0.00713309848482	0.606982992259	0.0877485433688	0.228894872122	1.0	0.0711464284363	0.486932116813
MA0160.1.NR4A2	0.649843385172	0.0314648963278	0.0323875893317	0.178247222228	0.10073711809	0.00576337143915	0.0133237650857	0.101399503962	0.000826324913004	1.0	0.151399970528	0.323094832961
MA0014.1.Pax5	0.999999999997	0.00914364707227	0.00825401204764	1.0	0.614500405761	0.0522141793265	0.0437707547757	1.0	0.999999999974	1.0	1.0	1.0
UP00391_3_Hoxa3_2783.2	1.0	0.989044837577	0.710621467857	0.916249500203	0.987074376949	0.991930485084	0.775945718861	0.949872840888	0.942824593506	0.379419215792	0.999999999987	1.0
UP00039_2_Foxj3_secondary	0.999999999993	0.994510549765	1.0	0.518894297076	0.99491612683	0.999510722634	0.998617498116	0.887362561233	0.999999999995	1.0	1.0	1.0
UP00028_1_Tcfap2e_primary	0.999999999999	0.00529286405766	0.107676373842	0.299012189826	0.0834234018073	0.000805408756721	0.000221654641768	0.0834371446885	4.54333814821e-06	0.0436012582158	0.649588936813	0.999999999996
MA0051.1.IRF2	0.999999999998	0.774126705755	0.999999999991	0.999999999996	0.999999999978	0.78447202955	0.692960377813	0.994826623517	0.999999999957	0.999999999998	0.863290117901	0.496533706449
UP00259_1_Hoxb6_3428.2	0.710730952405	0.980523895554	0.999999999991	0.999999999986	0.55128705746	0.95279822533	1.0	0.8448983062	0.999999999992	1.0	1.0	1.0
UP00407_1_Elf3_primary	0.607389967222	0.90720773957	0.168840980889	0.876845296807	0.90894910635	0.990069164558	0.933135746343	0.815098577451	0.90763136386	0.615409140718	0.774289644162	0.973422349177
UP00140_1_Hoxd1_3448.1	0.999999999998	0.99999999997	1.0	1.0	0.997971392294	0.999883865903	0.801226937445	0.897661300816	0.99999999997	1.0	1.0	1.0
MA0084.1.SRY	0.999999999998	0.999999980878	0.987280943337	0.999994179068	0.9999995276	0.999999995444	0.999908025618	0.999999252138	0.999999999957	1.0	0.999996384211	0.998759215283
UP00173_1_Hoxc13_3127.1	0.333811376118	0.953281955769	1.0	0.862059112954	0.740069949125	0.99223326508	0.973072898232	0.906088734368	0.801328853714	0.576740405019	0.352356760052	0.45015005797
UP00199_1_Six4_2860.1	0.317058216345	0.22687692808	0.486978195992	0.614555311642	0.288769185905	0.130988026988	0.196712189517	0.628235163374	0.999999999928	1.0	1.0	1.0
UP00193_2_Rhox11_2205.1	0.999999999998	0.581161623477	1.0	0.228893688602	0.999999999933	0.924249547839	1.0	0.628235163374	0.999999999954	1.0	0.999999999977	0.999999999996
UP00044_2_Mafk_secondary	1.0	0.974390180517	0.877512984271	0.993012824695	0.987834921898	0.999856764774	0.994838893482	0.999293709469	0.999999999975	0.999999999999	0.999999999972	1.0
UP00121_1_Hoxd10_2368.2	0.566716158686	0.999987813911	0.999999999998	0.97763597742	0.999955898138	0.999999999769	0.999792414226	0.999946012552	0.999999999975	0.999999999999	1.0	1.0
UP00061_2_Foxl1_secondary	0.980201012655	0.999999932025	1.0	0.99977010977	0.99999003527	0.999999999841	0.999996595975	0.999999998528	0.999999999953	0.999999999998	0.999999999989	0.999999999999
UP00052_2_Osr2_secondary	0.999999999989	0.801241255843	1.0	0.999999999988	0.996042557591	0.932228980907	1.0	0.990652976502	0.999999999963	1.0	1.0	0.999999999996
UP00112_1_Gsc_2327.3	0.999999999999	0.698039618143	1.0	0.999999999985	0.871795741057	0.935432770221	1.0	0.967694077442	0.999999999955	1.0	1.0	1.0
MA0048.1.NHLH1	0.681737138836	0.00361688619518	0.760925964921	0.898633636535	0.289043687073	0.000738072453731	0.211028866483	0.65084990018	0.0117790839375	1.0	0.00665008898686	0.28869537419
UP00187_1_Alx4_1744.1	1.0	0.999999999968	1.0	0.999999999981	0.999999999967	0.999999999696	0.967715492209	0.999999999979	0.999999999949	1.0	1.0	0.999999999996
UP00008_2_Six6_secondary	0.0149794898729	0.999636453077	1.0	0.24711163657	0.42065471537	0.999959531417	1.0	0.83009580586	0.999999999968	1.0	0.999999999997	1.0
UP00069_2_Sox1_secondary	0.802626121984	0.997588218017	0.888679228015	0.992311872865	0.995968643542	0.999917869658	0.999775013615	0.999568564532	0.984985051708	1.0	1.0	0.999999999997
UP00029_2_Tbp_secondary	0.999999999997	0.496438308606	0.317038374141	0.999999999975	0.999999999939	0.628205227934	0.333779096701	0.851416337206	0.486899452167	1.0	0.333781630504	0.999999999993
UP00079_2_Esrra_secondary	0.317058216345	0.827898528745	0.999999999998	0.368032222997	0.373954635451	0.826596077205	0.192332167596	0.352374195872	0.898624092335	1.0	0.187704839119	0.496533706449
UP00145_1_Barhl2_3868.1	0.496684497984	0.999902904015	0.786978227173	0.989758527331	0.996627075428	0.999991413644	0.928043549518	0.996187455773	0.987132096936	0.317211238632	0.999999999972	1.0
UP00152_1_Arx_1738.2	0.999999999996	0.999999999952	0.317038374141	0.999999999985	0.999999999911	0.999999999743	0.923807302642	0.999999999986	0.999999999965	1.0	1.0	1.0
UP00011_2_Irf6_secondary	0.248724614744	0.150124242836	0.379157211458	0.999999999981	0.00920462129557	0.0138772865609	5.29445398335e-05	0.00539006164655	1.54885325208e-06	0.0909090909092	0.000656467814818	0.00425375377271
MA0058.1.MAX	0.090909090909	2.38120911755e-05	0.160220572661	0.0193507776424	0.0146366285244	1.92417108742e-09	2.25087410589e-05	0.000832082663777	0.000893592315034	1.0	7.95959156402e-28	9.13468752247e-17
UP00072_1_IRC900814_primary	1.0	0.0886857944868	0.317038374141	0.0010525120637	0.0511010530926	0.000780770997413	0.575950850186	0.00711573410829	0.00017292717689	1.0	3.41009060267e-09	3.71460261423e-07
UP00095_2_Zfp691_secondary	1.0	0.478746452291	0.486978195992	0.802308252329	0.957000480361	0.826596077205	0.498272142395	0.962837204326	0.999999999955	1.0	0.554166228281	1.0
MA0075.1.Prrx2	0.999793929003	0.999999999944	1.0	0.999640379643	0.999999999881	0.999999999884	1.0	0.999836113595	0.999999999965	0.999253558766	1.0	1.0
E2A-Homer	0.737088041021	0.0679413748792	0.168840980889	0.71750154828	0.412476251591	0.00208093522568	0.0667504406559	0.989405192456	0.0530691224385	1.0	0.142868996742	0.437515914339
MA0442.1.SOX10	1.0	1.0	1.0	1.0	1.0	1.0	1.0	1.0	1.0	1.0	1.0	1.0
MA0003.1.TFAP2A	0.0967527966179	0.000661825065135	0.0685630248641	0.102077819835	1.91750210129e-09	5.46773152233e-12	5.13716794268e-08	6.09877319048e-06	6.94618094323e-11	0.248808743528	2.82744571955e-07	0.0249168678938
UP00050_1_Bhlhb2_primary	1.0	1.0	1.0	1.0	1.0	1.0	1.0	1.0	1.0	1.0	1.0	1.0
MA0108.2.TBP	0.368088800348	0.99737387607	1.0	0.844920986605	0.763167725819	0.998454508288	0.998961999619	0.823867027097	0.999999999944	1.0	0.992999929368	0.91632284876
UP00161_1_Hmbox1_2674.1	0.99999999999	0.844712247955	0.710621467857	1.0	0.999999999934	0.711626442419	0.923807302642	0.987555383054	0.999999999988	1.0	1.0	1.0
UP00114_1_Homez_1063.2	1.0	0.521537098205	0.194156526308	0.64961565851	0.999999999933	0.64745738879	0.450080402066	0.736584332955	0.000646870939839	1.0	1.70973636296e-09	1.78144588389e-07
UP00200_1_Nkx6-1_2825.1	1.0	0.999999999954	0.851713649928	0.987601249969	0.998884038625	0.999997893649	0.992152252073	0.996265035159	0.999999999976	0.999999999999	0.999999999984	0.999999999993
UP00020_2_Atf1_secondary	0.999999999998	0.288768171051	0.0967774259233	0.736804937849	0.754255907957	0.0465878459872	0.0440149980815	0.717857851511	0.150088357362	1.0	0.00121255031058	0.000545360751832
UP00077_2_Srf_secondary	0.999320303396	0.999999999916	0.999990154193	0.991917033868	0.999203876206	0.999999999869	1.0	0.999985557271	0.999999999936	0.999999999997	0.999999999987	0.999999999999
UP00132_1_Evx2_2645.3	0.999999999989	0.698039618143	0.999999999998	0.271602833363	0.937025043017	0.854118494958	0.898563353932	0.0366866935767	0.999999999934	1.0	1.0	0.999999999996
UP00101_1_Sox12_primary	0.999999999999	0.99671007271	0.981938163298	0.971734294871	0.999999974395	0.999999384728	0.999049507933	0.998400765709	0.999999999936	0.999999999998	1.0	1.0
UP00186_1_Meis1_2335.1	0.999999999998	0.881034736577	0.533657856475	0.999999999986	0.237172853293	0.895122974153	0.77329112235	1.0	0.736796773761	1.0	1.0	1.0
MA0106.1.TP53	0.0437238099548	0.401539476866	1.0	0.00825976682542	0.107802408417	0.348916338069	0.496447812602	0.246207970385	0.486899452167	1.0	0.999999999993	1.0
UP00008_4	1.0	0.999999999937	1.0	0.999999999992	0.801196099048	0.995638463657	1.0	1.0	0.999999999957	1.0	0.999999999989	1.0
MA0138.2.REST	0.999999999997	0.999999999943	1.0	0.435574186981	0.0553962182417	0.99999999982	0.435552948915	0.71038359314	0.00590091567842	1.0	0.000569488262167	0.0065118510662
MA0039.2.Klf4	0.0144697973248	0.000924816560648	0.187528738083	0.00118920036476	6.28678462106e-10	2.32395487238e-09	0.0171061051362	1.49508783065e-08	2.26682297047e-06	0.999999999998	0.00388566291657	0.011682377101
UP00263_1_Hoxb8_3780.2	0.333811376118	0.998674974473	0.836845725554	0.999999999996	0.997587653702	0.999643577632	0.999056579464	0.999720955722	0.999999999967	1.0	0.999999999996	0.999999999997
UP00176_1_Crx_3485.1	1.0	0.606966655754	0.999999999998	0.999999999984	0.999999999917	0.665988802174	1.0	0.82787552982	0.999999999954	1.0	0.368025581518	0.228884337215
UP00058_2_Tcf3_secondary	0.937408010341	0.999999999963	0.851812946709	0.485953581939	0.555338263108	0.99999998595	0.996205915378	0.966169200261	0.999999999946	0.999999999998	1.0	1.0
UP00218_1_Dbx2_3487.1	1.0	0.999999119516	1.0	1.0	0.999971864868	0.999999957988	0.99994100317	0.999996382584	0.999999999949	0.999999999999	0.99999999998	0.999999999989
UP00004_2_Sox14_secondary	1.0	0.946286843278	0.246107630558	0.999999999981	0.995646187506	0.594651246892	0.177683606669	0.998553857387	0.999999999962	1.0	1.0	0.999999999996
UP00225_1_Hlx1_2350.1	0.898964507384	0.999999989199	1.0	0.999999999978	0.999697030903	0.999999999598	0.999992809469	0.999999816341	0.999999999963	0.999999999999	1.0	1.0
UP00190_1_Nkx2-3_3435.1	1.0	0.999999999952	0.533657856475	0.736804937849	0.814976171599	0.999288114508	0.631560769605	0.930249921798	0.999999999988	1.0	0.999999999989	1.0
UP00046_1_Tcfe2a_primary	0.194134284593	0.362935291689	0.087548140816	0.0369527184494	0.0429948201073	0.00264911822721	0.0115608273057	0.0228057757393	0.717987213187	1.0	0.30991059116	0.820371655409
UP00033_2_Zfp410_secondary	0.0685419619694	0.0133163850873	0.160220572661	0.99999999998	0.0387720633455	0.0030364064845	0.521551166176	0.732975020791	1.07409474622e-11	1.0	8.70938863001e-06	0.013315140672
UP00091_2_Sox5_secondary	1.0	0.999999999926	0.999999999999	0.999999999992	0.970609422112	0.999981794067	0.975164561489	0.99996316452	1.0	1.0	0.999999999975	0.999999999993
UP00122_1_Tgif1_2342.2	0.999999999998	0.192494871682	0.368065599084	0.999999999979	0.237172853293	0.0546551651215	0.178348404431	1.0	0.999999999954	1.0	0.999999999989	1.0
UP00249_1_Nkx2-5_3436.1	0.649843385172	0.956451031426	1.0	1.0	0.964786669216	0.993519967356	0.980538642605	0.977141602914	0.999999999976	0.999999999998	0.970675769196	0.614601996368
UP00391_2_Hoxa3_secondary	0.710730952405	0.997028481478	0.710621467857	0.37461981406	0.997544598223	0.99998932151	0.944844017832	0.896454401563	0.71748255342	0.0909090909092	1.0	1.0
UP00157_1_Hmx3_3490.2	0.681737138836	0.999219429168	0.736971919304	0.948038947381	0.938322137446	0.999992711506	0.991514544265	0.999354253176	0.99999999998	1.0	0.999999999998	0.999999999999
MA0074.1.RXRA::VDR	0.999999999989	0.425273165889	0.379157211458	0.102077819835	0.898544970903	0.646433130624	0.187728460017	0.315286359898	0.7104563321	1.0	0.172954269467	0.649667531881
UP00215_1_Vax1_3499.1	0.737088041021	0.99874170393	0.576095522745	0.960982221052	0.989043338467	0.998420710832	0.897711526638	0.96946665188	0.999999999976	1.0	0.99999999999	0.999999999996
UP00019_2_Zbtb12_secondary	0.999999999989	0.952860829116	0.999999999991	0.865030699669	0.999999999908	0.745648805684	0.297303899464	0.67770619052	0.999999999978	1.0	0.999999999989	1.0
UP00213_1_Hoxa9_2622.2	0.851850476673	0.99989501028	1.0	0.994228929772	0.999599060908	0.999999997808	0.999570656204	0.912914870901	0.999999999999	1.0	0.999999999983	0.999999999987
UP00146_2_Pou6f1_3733.1	1.0	0.99999999994	0.999999999991	0.937106008872	0.600503945571	0.998971919456	0.993627852179	0.795988590757	0.999999999961	1.0	1.0	0.999999999996
UP00066_1_Hnf4a_primary	0.0967527966179	0.646513244948	0.999999999994	0.000492465402124	0.0104564746983	0.226382364678	0.990664544466	6.85341983881e-08	0.99999999997	1.0	0.981807234487	1.0
UP00100_2_Gata6_secondary	0.00825001192199	0.0198567911018	0.248713703338	0.00279593192315	5.50064721171e-07	0.00914826894423	0.068604216722	0.00590951078562	0.999999999974	1.0	0.00826091202057	0.0909090909097
MA0009.1.T	1.0	0.0314648963278	0.228869462949	1.0	0.751819296481	0.14092448401	0.372730722713	0.999599378769	0.999999999944	1.0	0.999999999983	0.999999999999
UP00036_2_Myf6_secondary	0.999999999989	0.00841946056276	1.0	0.0876808147311	0.0225817707209	0.0217676796154	0.373954628785	0.00230126507195	0.0815146746716	1.0	0.631595673518	0.52599079688
UP00192_1_Six1_0935.2	1.0	0.999999999899	1.0	0.999999999979	0.754255907957	0.988679077848	0.877244112119	0.56622739771	0.999999999978	1.0	0.999999999989	1.0
UP00204_1_Gbx1_2883.2	1.0	0.977949847932	0.999999999999	0.836650911767	0.975740920199	0.935432770221	0.937041830961	0.498938495196	0.999999999983	1.0	0.999999999991	1.0
UP00144_1_Hoxb4_2627.1	1.0	0.999999999889	1.0	1.0	0.999219254068	0.999999999818	0.996046856116	0.999413053564	0.999999999957	0.999999999999	1.0	1.0
MA0028.1.ELK1	0.041408483226	1.37223024756e-10	0.0065046901	0.160257012551	8.06351550394e-08	9.9863914789e-20	2.64800289597e-06	0.000898763864133	8.5172503933e-05	0.173599003736	0.000656467814818	0.000877178492092
UP00129_1_Pou3f1_3819.1	1.0	0.999999999942	1.0	0.993649904713	0.997292044789	0.999999952196	0.999955718378	0.991750602462	0.999999999964	0.999999999999	0.999999999972	1.0
UP00085_2_Sfpi1_secondary	1.0	0.999138664327	0.677419811347	0.981828987719	0.981664978096	0.745352468843	0.913460496677	0.901030844414	0.96452895243	0.999999999998	0.806848952476	0.736846694398
MA0025.1.NFIL3	0.836981194279	0.99737387607	0.851713649928	0.84014838448	0.997843294249	0.995915165419	0.984776748914	0.972717635905	0.990688374458	0.999999999999	0.993637724348	0.957133483463
UP00072_2_IRC900814_secondary	0.999999999989	0.102140060702	0.173564169772	0.127600570714	0.64955465095	0.00136484354976	0.150116716982	0.107807321993	0.194190045036	1.0	9.05436978206e-13	3.87902482212e-10
UP00214_1_Hoxb5_3122.2	0.681737138836	0.999219429168	0.681635237082	0.771020914839	0.991459320983	0.997998126428	0.949014552457	0.950547363996	0.999999999976	1.0	0.999999999976	1.0
UP00150_1_Irx6_2623.2	0.607389967222	0.982466499497	1.0	0.959568288343	0.99063564018	0.999694156123	0.813690688719	0.9864216158	0.999999999971	1.0	0.996413808447	0.999999999991
UP00095_1_Zfp691_primary	0.999999999989	0.0803169564814	0.681635237082	0.771020914839	0.114902524915	0.0346630801035	0.458241401675	0.871776421329	0.999999999962	1.0	0.99999999999	0.999999999996
UP00053_2_Rxra_secondary	0.999999999997	0.297307007062	0.533657856475	0.317009832035	0.82021051643	0.775834518998	0.710407348627	0.930712299937	0.999999999934	1.0	0.649588936813	0.999999999993
UP00119_1_Nkx2-9_3082.1	0.999999999996	0.999999999951	0.999999999999	0.465895868946	0.897680183558	0.999465323998	0.770908274474	0.611850058329	0.999999999957	0.999999999999	0.99999999998	1.0
UP00255_1_Dbx1_3486.1	0.99999999999	0.999999999878	1.0	0.996811581698	0.999999463047	0.999999999772	1.0	0.999979200095	0.999999999948	1.0	1.0	1.0
MA0035.2.Gata1	1.0	0.994648442102	0.898828813989	0.944946249541	0.999893906737	0.999985931257	0.920670579708	0.997107453735	0.997313066879	1.0	0.562234759645	0.608507460414
UP00133_1_Cdx2_4272.1	0.865365871779	0.999569512057	0.877512984271	0.999999999989	0.999830651994	0.999999870569	0.999337105095	0.9978251408	0.999999999995	1.0	0.999999999989	1.0
UP00141_1_Vsx1_1728.1	1.0	0.999999999979	1.0	0.999999999996	0.998856073205	0.999972258112	0.990664544466	1.0	0.999999999982	1.0	1.0	0.999999999996
UP00094_1_Zfp128_primary	0.999999999997	0.533526570361	1.0	0.317009832035	0.379094314377	0.12835530668	0.3790983879	0.333776722688	0.317008436259	1.0	0.0437670751005	0.0232737745136
UP00180_1_Hoxd13_2356.1	0.348916039677	0.999981401348	1.0	0.994558996491	0.998330908093	0.9999999628	0.999974396548	0.999965526135	0.999999999984	0.999999999998	1.0	1.0
UP00051_2_Sox8_secondary	1.0	0.999275425627	0.865228402844	0.957072379103	0.96647055804	0.999564562239	0.962221024317	0.999444188391	0.980001617571	0.248808743528	0.996054203614	1.0
Ash2l_hand	0.466054925674	0.124681288606	0.150858575759	0.352345618071	0.0010145013078	0.00753132428986	0.0149470520255	0.00673731907391	0.0622282294468	0.999999999998	0.0122629244201	0.0132185222103
MA0052.1.MEF2A	0.854714982322	0.999993778832	0.998340982357	0.367761691514	0.999917912854	0.99999999893	0.999999720028	0.00983359536303	0.999999999956	0.999999999998	0.999999999929	0.999998782317
MA0157.1.FOXO3	0.761047770897	0.830152573229	0.271549495451	1.0	0.987349572842	0.549089806755	0.740128780533	0.999955462489	0.930796658343	0.999999999998	0.977979077824	1.0
MA0116.1.Zfp423	0.999999999998	0.426746618643	1.0	1.0	0.53423789652	0.454625464749	0.700981892443	0.84468004817	0.937097294228	1.0	0.898594801781	0.576030230444
MA0057.1.MZF1_5-13	1.0	0.988654570111	0.760925964921	0.999999999989	0.059831417468	0.961817105888	0.454653615935	0.937766325329	0.995665820766	0.999999999999	0.814235013996	0.566425903573
MA0154.1.EBF1	0.496684497984	0.466131670198	0.087548140816	0.993649904713	0.88462577978	0.571183239362	0.0425051664013	0.99495186542	0.89672105362	0.379419215792	0.786685048622	0.905441610307
UP00021_2_Zfp281_secondary	0.379187279935	0.606966655754	0.127563003957	0.760750809511	0.247165661946	0.629031811412	0.323109664011	0.5875910376	0.999999999955	1.0	0.999999999977	0.999999999993
MA0146.1.Zfx	0.00393324161201	8.78550518722e-08	0.401615280906	3.86487132662e-08	2.23886096479e-30	9.57764988405e-14	0.0364178520308	1.3533793478e-20	0.000599856130836	0.379419215792	0.00587500087693	0.0814350828984
UP00085_1_Sfpi1_primary	1.0	0.908143464303	0.526074595709	0.871950440876	0.2643043606	0.99174006086	0.415378604109	0.866297768922	0.999999999967	1.0	0.367139999175	0.930876075765
IRF8_AICS	0.999999999998	0.999998969643	0.989839128967	0.999912871829	0.999998222914	0.999999819012	0.996934196385	0.999811452635	0.998958299477	0.999999999999	0.998308526918	0.906697016256
UP00022_2_Zfp740_secondary	0.999999999989	0.614501804961	0.999999999998	0.999999999981	0.172977046195	0.0117106222043	0.263956687409	1.0	0.00105280093076	0.0909090909092	0.160264258825	0.999999999995
MA0112.1.ESR1	1.0	0.225796471998	0.533657856475	0.128299973062	0.00860790114379	0.0474593566849	0.00121491682614	0.662004776859	0.0815146746716	0.173599003736	0.368025581518	1.0
MA0158.1.HOXA5	0.925328339238	0.701658147749	0.994016901508	1.27951996646e-05	0.0196907879468	0.997236064166	0.99568060712	1.11085459036e-14	0.995337992955	0.838026914608	0.999609992799	0.975606665419
UP00044_1_Mafk_primary	0.999999999997	0.986032013308	0.754697264395	0.416464026494	0.830142952711	0.999812416218	0.830221233186	0.727816567853	0.949100469743	0.999999999998	0.990676886181	0.999999999991
UP00202_1_Dlx1_1741.2	0.888816070802	0.999390676368	1.0	0.889799651078	0.999390467683	0.999515445354	0.98597857475	0.950644405462	0.999999999967	0.999999999999	1.0	1.0
MA0137.2.STAT1	0.999999999993	0.845486667205	0.782701266569	1.0	0.981625793955	0.943854428962	0.988111313317	0.989892061275	0.881168173797	0.0965625156869	0.999999999972	1.0
UP00065_1_Zfp161_primary	0.090909090909	0.00353582358919	0.0437396909583	0.000315647567607	8.54869199954e-05	1.63413409057e-06	0.00652056186324	5.50763884579e-07	6.29335825508e-09	6.60766991984e-05	0.0968198797164	0.0232737745136
UP00075_2_Sox15_secondary	1.0	0.990803034278	1.0	0.993649904713	0.998971153572	0.988591666002	0.990818425674	0.999999269213	0.999999999977	1.0	0.996901530768	0.975846209496
UP00219_1_Cutl1_3494.1	0.379187279935	0.521537098205	0.435633168566	0.40156273424	0.770878820902	0.426736274512	0.717900092694	0.521525464708	0.999999999971	1.0	1.0	1.0
UP00086_2_Irf3_secondary	0.865365871779	0.59898351308	0.533657856475	0.666194092032	0.236155459917	0.583386961028	0.919076557469	0.424189572739	0.942824593506	1.0	0.999999999996	1.0
UP00059_1_Arid5a_primary	0.999999999993	0.999999962539	0.458391259674	0.953127408631	0.999999685379	0.999999999728	0.998929186671	0.994644564647	0.999999999985	0.999999999999	0.999995141372	1.0
UP00005_1_Tcfap2a_primary	0.999999999989	0.0255064214009	0.576095522745	0.533566853113	0.247165661946	0.0183136416047	0.000495789439024	0.0521994254175	4.43585049299e-05	0.173599003736	0.575967986704	0.999999999996
UP00239_1_Obox2_3438.2	0.999999999998	0.518806344648	1.0	1.0	0.988692656654	0.889275495987	0.999999999985	1.0	0.999999999982	1.0	1.0	1.0
MA0017.1.NR2F1	0.533721133876	0.499631658394	0.999999999994	0.458281043388	0.834688245777	0.659830302267	0.631591861392	0.236176665852	0.999999999976	0.999999999998	0.82798058883	0.888558422695
UP00247_1_Pax4_3989.2	0.999999999996	0.918626620373	0.999999999999	0.865030699669	0.99999999995	0.953220317601	1.0	0.930249921798	0.999999999962	1.0	0.99999999999	1.0
UP00131_1_Gbx2_3110.1	0.999999999989	0.649556205649	1.0	1.0	0.952696713393	0.9447720676	0.864959515717	0.89853389558	0.999999999954	1.0	1.0	1.0
UP00231_1_Nkx2-2_2823.1	1.0	0.646513244948	0.782701266569	0.948038947381	0.894379195933	0.638193700156	0.940349668136	0.95975604215	0.434220063526	0.999999999999	0.786593244121	0.576030230444
UP00266_1_Prrx1_3442.1	0.999999999993	0.992281504328	1.0	0.930805584021	0.99729863566	0.999959358761	0.97065380508	0.692891116436	0.999999999968	1.0	0.99999999998	0.999999999996
UP00151_1_Barx2_3447.2	1.0	0.997544985815	1.0	0.957072379103	0.981664978096	0.999731443474	0.918652909129	0.826656634152	0.942824593506	0.999999999998	0.999999999998	1.0
UP00236_1_Irx2_0900.3	0.737088041021	0.872768341266	0.999999999991	0.844920986605	0.999054946992	0.980076152125	0.902519555209	0.996265035159	0.99999999997	1.0	0.993637724348	1.0
UP00026_1_Zscan4_primary	0.263928965741	0.0002188124526	0.228869462949	0.0499277401929	0.084234188451	4.44243035622e-10	1.82693550175e-05	0.175574855086	0.898624092335	1.0	0.352583304609	0.401583026968
UP00093_2_Klf7_secondary	0.248724614744	0.435548076759	1.0	0.0414968645988	0.486869021666	0.368011744665	0.194199980989	0.00105553296149	1.20436098049e-05	1.0	7.12026744118e-08	1.19755335835e-05
MA0091.1.TAL1::TCF3	0.333811376118	0.855792343269	0.46598967028	0.771020914839	0.661701562342	0.434851994117	0.193920493223	0.852663485154	0.975791721733	1.0	1.0	1.0
UP00083_2_Tcf7l2_secondary	0.999999999996	0.983438695112	1.0	0.677168664087	0.959770328351	0.99660141223	1.0	0.751782947895	0.999999999982	1.0	0.999999999997	1.0
UP00003_2_E2F3_secondary	0.248724614744	0.0198567911018	1.0	0.173558414987	0.00427118647324	0.0186073001683	0.248692353936	1.34001834758e-05	0.317008436259	1.0	0.173557269798	1.0
UP00011_1_Irf6_primary	0.999999999997	0.169058401499	0.999999999998	0.096812836267	0.999999999984	0.0440478362485	1.0	0.299012199495	0.999999999968	1.0	0.999999999993	0.999999999991
MA0079.1.SP1	6.28555487128e-07	1.51282317401e-06	0.160533810352	7.76402781014e-06	3.79661551779e-30	1.18362359819e-12	0.193908314799	2.81542631453e-25	0.0817198631818	1.0	0.264203265054	0.789262729079
UP00126_1_Dlx2_2273.2	0.710730952405	0.987351717231	0.851713649928	0.71750154828	0.804639302337	0.989522484517	0.946318321066	0.653704223468	0.999999999982	0.999999999998	0.975772919473	0.888558422695
UP00010_2_Tcfap2b_secondary	0.999999999998	0.105152779282	0.317038374141	0.999999999992	0.425272374023	0.091331548295	0.172968644901	0.226885856988	4.43585049299e-05	0.00275779008986	0.0133368161367	0.486932116813
UP00076_2_Rfxdc2_secondary	1.0	0.187740566384	1.0	0.263951842969	0.736729098513	0.267839196026	0.614511788943	0.271630024749	0.999999999924	1.0	1.0	0.999999999996
UP00156_1_Msx2_3449.1	0.999999999999	0.967703771743	0.435633168566	0.999999999969	0.912135728908	0.994818285172	0.6083061916	0.912117359979	0.999999999954	1.0	0.999999999987	1.0
UP00084_2_Gmeb1_secondary	0.999999999997	0.379094815079	0.173564169772	0.173558414987	0.575940833118	0.00855022900129	0.0711581157204	0.088691300596	0.000315708788758	0.0909090909092	0.000750346653396	0.0232737745136
UP00014_2_Sox17_secondary	1.0	0.982971401866	0.681635237082	0.96776656726	0.997784774876	0.973650376973	0.959445831822	0.998974636369	0.999999999967	1.0	0.776016459695	0.815255923508
UP00169_1_Lmx1b_3433.2	1.0	0.999994578951	1.0	0.989758527331	0.999744825539	0.999999046132	0.999831108056	0.999819832234	0.999999999948	0.999999999999	0.999999999985	0.999999999995
UP00062_2_Sox4_secondary	1.0	0.982971401866	0.930988081998	0.975797847373	0.999559806057	0.998836802038	0.975164561489	0.999963208768	0.999999999957	1.0	0.999999999989	0.999999999993
UP00043_1_Bcl6b_primary	0.299012094779	0.996403348594	0.088569445116	0.999999999986	0.984183683465	0.999966422233	0.692960377813	0.99213625838	0.95276301755	0.999999999999	0.352356760052	0.498380058752
UP00096_1_Sox13_primary	1.0	0.999998933837	0.999999999998	0.998968660792	0.999963276491	0.999999982474	0.999988397124	0.999513410608	0.999999999984	1.0	0.999999999984	0.999999999996
UP00224_1_Pax6_3838.3	1.0	0.999335517777	1.0	0.987601249969	0.997270055312	0.999998866456	0.998961999619	0.975201741073	0.999999999957	0.999999999998	1.0	0.99999999999
UP00055_2_Hbp1_secondary	0.61476025613	0.302084665254	0.802495741336	0.877315293811	0.927993926691	0.319285948857	0.692960377813	0.69968429275	0.999999999946	1.0	1.0	1.0
MA0069.1.Pax6	0.999999999998	0.851320900908	1.0	0.127600570714	0.970640963423	0.634662379387	0.923807302642	0.373954638781	0.631628189398	1.0	0.58120500652	1.0
MA0080.2.SPI1	0.925328339238	0.227362908736	0.0280316809195	0.447871287207	0.625976563806	0.250200332969	0.00457030030454	0.533345464558	0.445786481276	0.220602149836	0.0684887421131	0.447312054334
UP00045_1_Mafb_primary	0.99999999999	0.871661121168	0.736971919304	0.802308252329	0.86190409267	0.745648805684	0.628279272656	0.912117359979	0.999999999965	1.0	1.0	1.0
UP00098_2_Rfx3_secondary	1.0	1.0	1.0	1.0	1.0	1.0	1.0	1.0	1.0	1.0	1.0	1.0
UP00262_1_Lhx1_2240.2	1.0	0.999999999902	1.0	0.999999999985	0.999934866211	0.999999540281	1.0	0.999969607855	0.999999999954	0.999999999998	1.0	0.999999999987
UP00217_1_Hoxa10_2318.1	0.943127187045	0.999998136576	0.945230048515	0.985147185512	0.999991312418	0.999999999881	0.998294554705	0.999953337804	0.999999999931	0.999999999999	0.999999999988	0.999999999997
MA0155.1.INSM1	0.710730952405	0.372739930191	0.782701266569	0.918767508219	0.0557473948838	0.101603669939	0.648432130334	0.731369216948	0.828031125908	0.999999999999	0.677842853133	0.907935826517
UP00108_1_Alx3_3418.2	1.0	0.997768534853	1.0	0.999999999996	0.983459497046	0.999972258112	0.973324777945	0.985956036644	0.999999999949	1.0	1.0	1.0
UP00002_1_Sp4_primary	0.999999999998	0.0596358742713	0.0553047797575	0.102077819835	0.498948080301	0.0316006743138	0.114876927879	0.00861404162209	0.999999999992	1.0	1.0	0.999999999999
MA0140.1.Tal1::Gata1	1.0	0.889650793197	0.194156526308	0.820297605486	0.9186229361	0.956391151651	0.425278816231	0.839974946001	0.802299085492	0.999999999999	0.802270953897	0.710524830049
MA0007.1.Ar	1.0	1.0	1.0	1.0	1.0	1.0	1.0	1.0	1.0	1.0	1.0	1.0
UP00102_1_Zic1_primary	0.999999999998	0.0243811030043	0.00588142377658	0.299012189826	0.0146366285244	0.00856273931435	2.25087410589e-05	0.425268493009	0.000893592315034	1.0	0.00121255031058	0.0711039693494
UP00165_1_Titf1_1722.2	0.999999999998	0.648386873262	1.0	0.96776656726	0.978868917065	0.897528317231	0.989729431642	0.965690916847	0.999999999946	1.0	0.521578611142	0.333790828417
UP00059_2_Arid5a_secondary	0.248724614744	0.942756233039	0.435633168566	0.465895868946	0.786511339213	0.999052183389	0.474431514121	0.296922863385	0.865021032805	1.0	1.12445954774e-05	0.00135657462298
UP00009_1_Nr2f2_primary	1.0	0.408232887895	1.0	0.820297605486	0.975740920199	0.386952807404	0.518822748821	0.124186678144	0.999999999961	1.0	0.474450650171	0.80238065823
MA0046.1.HNF1A	1.0	0.999987389445	0.815460384628	0.987139052279	0.998102149394	0.999999999475	0.999606471899	0.999686786369	0.999999999975	0.999999999999	0.999416884866	0.994251212408
UP00009_2_Nr2f2_secondary	0.248724614744	0.374610323695	1.0	1.0	0.169060143056	0.00737856663181	0.00439925211532	0.465847961236	0.434220063526	0.0909090909092	0.088666149326	0.435596966534
UP00178_1_Og2x_3719.1	1.0	0.9849459527	1.0	1.0	0.999999999925	0.997966699826	1.0	0.999999999984	0.99999999996	1.0	0.999999999989	1.0
MA0093.1.USF1	1.0	1.0	1.0	1.0	1.0	1.0	1.0	1.0	1.0	1.0	1.0	1.0
UP00058_1_Tcf3_primary	0.434347089565	0.999630574838	1.0	0.999999999992	0.958192216364	0.999607127667	0.997970080197	0.999942647893	0.999999999981	1.0	0.999999999989	1.0
UP00076_1_Rfxdc2_primary	0.999999999999	0.581161623477	0.486978195992	0.999999999966	0.465853280029	0.608237930471	0.802240751795	0.169068678349	0.836641386553	0.317211238632	1.0	0.999999999993
MA0114.1.HNF4A	0.12753687016	0.814635243692	1.0	0.103698931414	0.763167725819	0.837121136428	0.467030141406	0.792915681851	0.980001617571	0.999999999998	0.992298231081	0.851592870422
UP00021_1_Zfp281_primary	0.496684497984	0.887425947618	0.655238750387	0.952979510882	0.352576962476	0.893384828944	0.830221233186	0.89259552583	0.483406925472	0.999999999998	0.546900122893	0.717651648398
MA0080.1.SPI1	1.0	1.0	1.0	1.0	1.0	1.0	1.0	1.0	1.0	1.0	1.0	1.0
UP00216_1_Obox1_3970.2	1.0	0.747980998885	0.999999999998	0.999999999981	0.992280709322	0.987320068982	0.999999999985	0.997025887662	0.999999999958	1.0	0.942798544307	1.0
MA0047.2.Foxa2	0.00649658193253	0.998857056098	0.655238750387	0.999999999989	0.92459800272	0.999361216042	0.934616009576	0.999739734378	0.999999999987	0.999999999998	0.999999999981	0.999999999995
UP00138_1_Bsx_3483.2	0.61476025613	0.933949222413	1.0	0.425303450033	0.913513055761	0.931402822762	0.940349668136	0.408888463135	0.999999999958	1.0	1.0	1.0
MA0131.1.MIZF	0.999999999997	0.00652152627974	1.0	0.0909090909044	0.435547393975	0.00190609324915	8.54138003618e-05	0.0296521690064	0.17355813354	1.0	0.000315896715826	0.173560637774
UP00408_1_Gabpa_primary	0.317058216345	0.0412025662841	0.0437396909583	0.435574186981	0.0877410250255	0.031451669139	0.107794252246	0.0151110450809	0.00590091567842	0.0909090909092	8.52888105256e-05	0.317020855856
MA0065.1.PPARG::RXRA	0.999999999997	0.999999999945	1.0	0.999999999992	0.999999999939	0.786460278049	0.710407348627	0.465847961236	0.999999999971	1.0	0.999999999993	1.0
MA0087.1.Sox5	1.0	1.0	1.0	1.0	1.0	1.0	1.0	1.0	1.0	1.0	1.0	1.0
UP00086_1_Irf3_primary	1.0	0.99989501028	0.865228402844	0.863384025664	0.972494808212	0.998916967935	0.840197272454	0.823867027097	0.73316134102	0.999999999999	0.620925870969	0.331185076656
UP00053_1_Rxra_primary	0.317058216345	0.332502073282	1.0	4.27960681768e-05	0.00150468989454	0.0418121545384	0.236120243434	1.11817930139e-08	0.999999999948	0.999999999998	1.0	1.0
UP00220_1_Nkx1-1_3856.3	1.0	0.999999999943	0.248713703338	0.299012189826	0.999999999984	0.999999999972	0.43419741239	0.465847961236	0.999999999929	1.0	0.999999999995	1.0
UP00136_1_Prrx2_3072.1	0.99999999999	0.960914548936	1.0	1.0	0.987560479753	0.999052183389	0.836580771792	0.973305031365	0.999999999957	1.0	0.999999999984	0.999999999987
UP00037_2_Zfp105_secondary	1.0	0.999999999964	1.0	0.999999999981	0.992280709322	0.99938759323	1.0	0.995244165807	0.999999999968	1.0	1.0	1.0
UP00265_1_Pitx3_3497.2	0.317058216345	0.0180468749968	1.0	0.681488701093	0.331225159819	0.252756714689	0.374612095428	0.33378576421	0.999999999954	1.0	1.0	0.999999999993
MA0124.1.NKX3-1	0.787201724466	0.999874560253	0.966045782162	0.995981664053	0.999817430763	0.999999927426	0.99974370349	0.999999779252	0.99873010403	0.737984608332	0.989963814929	0.883855062549
UP00109_1_Obox6_3440.2	0.14992915464	0.968348554031	0.61467619606	0.754393688091	0.49949720604	0.999020473485	0.98206505539	0.287672775059	0.851507256196	1.0	0.0225470528202	0.607130655026
UP00043_2_Bcl6b_secondary	0.12753687016	0.773245358723	0.299012145491	0.587716614579	0.0680105943084	0.428793371805	0.481462263226	0.393564841918	5.31242207443e-11	0.0436012582158	0.000515618438144	0.607130655026
UP00001_1_E2F2_primary	0.0232552801953	0.00652152627974	0.173564169772	0.012154265407	4.78070450238e-06	0.00105613920886	0.068604216722	0.000320475428936	5.45090211691e-07	0.000739005046864	0.00651868094599	0.173560637774
UP00012_2_Bbx_secondary	1.0	0.717329661285	1.0	1.0	0.999999999934	0.894306005675	1.0	0.960904102424	0.999999999928	1.0	0.736771719539	0.710524830049
UP00008_1_Six6_primary	1.0	0.999999999954	1.0	1.0	0.677054679252	0.973291623478	1.0	0.851297616343	0.999999999971	1.0	1.0	1.0
UP00035_2_Hic1_secondary	0.999999999989	0.647511001696	1.0	0.299012189826	0.700946886907	0.0422615437894	0.226866129579	0.176345088792	0.999999999971	1.0	0.710432709674	0.576030230444
MA0153.1.HNF1B	0.999999999999	0.99984924464	0.916439404484	0.988731362802	0.999785793988	0.999982244411	0.990150336878	0.999925244269	0.998334485341	0.65056447257	0.996740654375	0.923946455012
UP00087_1_Tcfap2c_primary	1.0	0.0183875959059	1.0	0.194188483389	0.498258532684	0.00534200740608	0.00541949437367	0.065484784395	1.41904287245e-05	0.317211238632	0.61453126259	1.0
UP00193_1_Rhox11_1765.2	0.999999999998	0.631542876908	1.0	0.228893688602	0.99999999993	0.938258400283	0.999999999959	0.437443023299	0.999999999929	1.0	1.0	0.999999999993
UP00097_2_Mtf1_secondary	0.980776388258	0.999999999905	0.999996264303	0.994608827295	0.99999830304	0.99999999986	1.0	0.999814708963	0.999999999975	0.999999999998	0.999999999984	0.999999998146
MA0060.1.NFYA	0.173568169896	0.348916333425	0.379157211458	0.64961565851	0.131669597447	0.611815169947	0.172968644901	0.267828499855	0.82028823045	1.0	0.851477730126	1.0
UP00148_1_Hdx_3845.3	1.0	0.999999999933	0.246107630558	0.999999999985	0.956446972567	0.999996913939	0.883610830512	0.993591779891	0.999999999992	1.0	0.999999999972	0.999999999999
UP00163_1_En2_0952.1	1.0	0.967703771743	1.0	0.99999999998	0.986314975155	0.949834818745	0.851446030492	0.981773097758	0.999999999957	1.0	0.999999999976	1.0
UP00041_2_Foxj1_secondary	0.379187279935	0.998476918516	1.0	0.851471814542	0.982048954554	0.996081812881	0.584470466569	0.961770128432	0.95276301755	0.317211238632	0.912218379583	0.80238065823
UP00134_1_Hoxb13_3479.1	0.888816070802	0.999710781608	1.0	0.9737093999	0.998464541576	0.99999996977	0.99994100317	0.999767058119	0.999999999959	1.0	0.99999999998	1.0
MA0031.1.FOXD1	0.94094856266	0.999991411942	0.965250385085	0.999982462771	0.999996867546	0.999999998141	0.999908025618	0.999999999001	0.99995706699	0.999999999998	0.999993955254	0.998002194158
MA0119.1.TLX1::NFIC	0.333811376118	0.153478174301	0.19659721423	0.2968579736	0.00805849471923	0.245427718973	0.273003931991	0.327966640065	0.114792302556	1.0	0.0291963020851	0.0572619322337
UP00254_1_Pou2f1_3081.2	1.0	0.999969270435	1.0	0.997045257544	0.999398688714	0.999999046132	0.99921177072	0.999822605476	0.999999999971	1.0	0.999999999989	0.999999999991
UP00124_1_Ipf1_3815.1	0.737088041021	0.99874170393	0.760925964921	0.930805584021	0.964786669216	0.998755516263	0.940349668136	0.840089157918	0.99999999998	0.999999999998	0.999999999982	1.0
UP00207_1_Hoxb9_3413.1	1.0	0.999956176618	0.924060877042	0.997045257544	0.999998435529	0.999999996061	0.999745697883	0.999787090157	0.999999999975	1.0	0.999999999972	0.999999999995
UP00146_1_Pou6f1_1731.2	1.0	0.997299048446	0.999999999991	0.677168664087	0.933944481123	0.999567140338	1.0	0.901083417897	0.99999999998	1.0	1.0	0.999999999996
MA0095.1.YY1	0.264748765524	0.000741016995947	0.0174623311683	0.00346938998374	0.00256664180474	2.3392707092e-07	0.000630710609107	1.0269505688e-05	0.873979704055	0.792277649115	0.265884884649	0.281967586599
MA0092.1.Hand1::Tcfe2a	0.554464828618	0.931129153394	0.677419811347	0.897831373304	0.956921925454	0.98691168964	0.587741720833	0.920866870162	0.76133701045	1.0	0.577318008903	0.851603527521
UP00028_2_Tcfap2e_secondary	0.96289752346	0.99999999996	0.999844710663	0.994882105907	0.99997617367	0.999999999767	1.0	0.998749250682	0.999999999973	1.0	0.999999999968	0.999999764255
MA0102.1.Cebpa	0.533721133876	0.938326772349	0.681635237082	0.206979277503	0.631550259657	0.797938617787	0.775945718861	0.0375824492838	0.754378853202	0.317211238632	0.960951809922	1.0
UP00025_2_Foxk1_secondary	0.908188253198	0.999439011765	1.0	0.661963730503	0.999963276491	0.999598357736	0.999835951902	0.990826885248	0.999999999977	0.999999999998	0.999602270203	0.973422349177
UP00221_1_Phox2a_3947.1	0.999999999996	0.999999999934	0.999999999999	1.0	0.992280709322	0.999598426111	0.973324777945	1.0	0.999999999963	1.0	0.999999999987	0.999999999996
MA0062.1.GABPA	0.041408483226	0.00459664841563	0.000875157455068	0.271602833363	0.00142949465528	1.00826003205e-09	0.000100348157904	0.0061513339463	1.66098342428e-08	0.01201295859	0.0439941143492	0.576030230444
MA0125.1.Nobox	0.710730952405	0.962853837826	1.0	0.90786134373	0.924317476995	0.96505955706	0.237149811302	0.999466500877	0.888472783612	1.0	1.0	0.999999999999
UP00003_1_E2F3_primary	1.0	0.0968285066767	0.173564169772	0.000878451505603	0.000111148993838	0.00017033220773	0.0437707547757	5.30674121639e-05	1.80314934492e-07	0.000739005046864	0.00011096730029	0.248704069397
UP00048_2_Rara_secondary	0.0685419619694	0.851429778339	0.533657856475	1.0	0.131669597447	0.0221422610327	0.0440149980815	0.554117094412	0.434220063526	0.173599003736	0.0621474603516	0.333790828417
UP00137_1_Hoxb3_1720.2	0.999999999998	0.999999999952	1.0	0.90786134373	0.959770328351	0.977115167054	0.698061597091	0.871776421329	0.999999999988	0.999999999999	0.999999999976	1.0
MA0030.1.FOXF2	0.836981194279	0.999565317297	0.192047232039	0.998968660792	0.990658407178	0.999891754334	0.830181648749	0.999984210619	0.999999999964	1.0	0.973654153344	0.948104077745
MA0089.1.NFE2L1::MafG	0.688737907623	0.618089813533	0.029288328887	0.93690225027	0.999564758008	0.517823861289	0.0044757979999	0.996786488909	0.297345612612	0.938361928507	0.270425071172	0.368648671032
UP00110_1_Dlx4_3488.2	0.999999999996	0.912139476668	1.0	0.802308252329	0.662028344342	0.918519629193	0.987568937433	0.816886577976	0.999999999965	0.999999999998	0.99999999999	0.999999999996
UP00256_1_Lhx6_2272.1	1.0	0.999999999959	1.0	1.0	0.999999999925	0.999999999904	0.923807302642	1.0	0.999999999992	1.0	0.999999999976	0.999999999999
MA0107.1.RELA	1.0	0.433963142295	0.710621467857	0.164560698186	0.617148112706	0.458309965045	0.745835548479	0.113500901583	0.0189961590528	1.0	0.773380416464	0.898709018434
UP00049_1_Sp100_primary	0.999999999999	0.0366788408956	0.0295902978527	1.0	0.465853280029	0.010026898733	0.150116716982	1.0	1.33398601448e-05	0.0231795241529	0.000277745083972	0.00105023203754
MA0002.1.RUNX1	1.0	0.698587712965	1.0	0.975797847373	0.99063564018	0.908815052149	0.766856427632	0.997479597175	0.989754578429	1.0	0.973106769566	1.0
UP00080_2_Gata5_secondary	1.0	0.940325587411	0.576095522745	1.0	0.881030814283	0.883461967833	0.395259993272	1.0	0.999999999962	1.0	1.0	1.0
UP00052_1_Osr2_primary	0.999999999989	0.801199889536	0.64974997945	0.782519288626	0.631540369447	0.967165332673	0.677078306206	0.762248999692	0.999999999978	1.0	0.877275961828	1.0
MA0103.1.ZEB1	1.0	1.0	1.0	1.0	1.0	1.0	1.0	1.0	1.0	1.0	1.0	1.0
UP00077_1_Srf_primary	0.576169490033	0.992281504328	0.999999999991	0.999999999979	0.968345928355	0.999984355314	0.970811479268	0.992765969686	0.999999999949	1.0	0.871882676495	0.677265624373
UP00167_1_En1_3123.2	1.0	0.997028481478	1.0	0.952771014296	0.997544598223	0.999636248841	0.973324777945	0.794809931365	0.907851913218	0.999999999998	1.0	1.0
UP00022_1_Zfp740_primary	0.263928965741	0.747980998885	0.533657856475	0.90786134373	0.216790861693	0.86300459284	0.138725295614	0.616188851856	0.999999999992	1.0	1.0	0.999999999999
MA0088.1.znf143	0.999999999989	0.247164286221	0.999999999998	0.0886501086264	0.839994200241	0.0388167490964	0.760687750283	0.225809548887	0.128304385306	1.0	0.051075687162	0.228884337215
UP00099_2_Ascl2_secondary	1.0	0.616217055352	0.228869462949	0.888482407843	0.174198454073	0.218237255646	0.611901471895	0.0505639660106	0.00105202735864	0.317211238632	0.0183467617082	0.323094832961
MA0042.1.FOXI1	0.997374651236	0.999999028465	0.454804992197	0.899168291195	0.999999643203	0.999999999686	0.999391900002	0.99988869284	0.999999906319	1.0	0.999999992887	1.0
UP00082_1_Zfp187_primary	0.761047770897	0.950011517593	0.851713649928	0.445184162748	0.992556873002	0.998770676733	0.741869506476	0.796853290261	0.999999999967	1.0	0.997978903906	0.97075549813
UP00117_1_Hoxd11_3873.1	0.999999999999	0.498260205506	0.248713703338	0.736804937849	0.930722659042	0.702303631974	0.717900092694	0.575965824238	0.0150834709	1.0	9.473006352e-06	1.63555594345e-05
UP00116_1_Rhox6_4251.1	0.999999999996	0.994203333867	0.999999999999	0.916249500203	0.99999999993	0.992521088534	1.0	0.995207208623	0.999999999992	0.999999999999	0.99999999998	1.0
MA0135.1.Lhx3	0.961241073956	0.999999999931	1.0	0.999999999967	0.999999442499	0.999999999811	0.999997721009	0.999999999921	0.999999999972	0.999999999998	1.0	1.0
UP00196_1_Hoxa4_3426.1	1.0	0.99815643323	1.0	0.952771014296	0.992771681026	0.999567140338	1.0	0.995982407287	0.999999999968	0.999999999998	1.0	1.0
UP00189_1_Hoxa5_3415.1	0.681737138836	0.997544985815	0.999999999991	0.930805584021	0.998856073205	0.998755516263	0.9121662187	0.936363961023	0.999999999948	0.999999999998	0.95273847432	0.760818451888
UP00032_2_Gata3_secondary	1.0	1.0	1.0	1.0	1.0	1.0	1.0	1.0	1.0	1.0	1.0	1.0
UP00057_1_Zic2_primary	0.999999999989	0.00188471075772	0.0414447348906	0.107763060968	2.77873255054e-05	7.09329211761e-07	0.00046003886025	0.207050838199	0.000655446042742	0.173599003736	3.43320791861e-05	0.00352603005044
UP00017_1_Nkx3-1_primary	0.99999999999	0.999999999937	0.64974997945	0.802308252329	0.677731031238	0.98989515794	0.960927178953	0.975733806162	0.999999999978	1.0	0.877275961828	1.0
UP00033_1_Zfp410_primary	1.0	0.371004473559	0.435633168566	0.802308252329	0.762273309642	0.0833748451362	0.554140856837	0.975134048062	0.836641386553	1.0	0.717945195654	0.999999999999
UP00026_2_Zscan4_secondary	0.368088800348	0.172501959775	0.101937062825	0.425303450033	0.916017661006	0.343560815048	0.0185997180312	0.997840017457	0.999999999982	0.999999999998	0.999999999983	1.0
MA0083.1.SRF	1.0	0.959773242957	0.435633168566	0.888482407843	0.94898854516	0.980227971006	0.80127887211	0.95284250884	0.999999999957	0.999999999998	0.888443247656	1.0
UP00024_2_Glis2_secondary	0.763196453137	0.999999581728	1.0	0.993610819456	0.999999996795	0.999999999629	0.999999988348	0.999842796878	0.999999999981	0.999999999999	0.999999999987	0.999999999997
MA0029.1.Evi1	1.0	0.999931784037	1.0	1.0	0.991988157334	0.999996568585	0.99969710373	0.999969153988	0.996746701856	0.999999999999	0.999999999967	1.0
UP00056_1_Rfx4_primary	0.999999999998	0.297307007062	1.0	0.999999999981	0.999999999932	0.243154680123	1.0	0.118071806593	0.736796773761	0.317211238632	0.999999999977	1.0
UP00078_2_Arid3a_secondary	1.0	0.999999999918	0.999999999999	1.0	0.999999999916	0.98473712289	0.984954158062	0.992276812349	0.999999999963	1.0	0.99999999998	1.0
UP00065_2_Zfp161_secondary	3.55190943172e-06	8.81609619891e-06	0.248713703338	2.80262269142e-09	2.43057044919e-19	7.73007832893e-07	0.0324874992755	1.21092937033e-17	1.25224946868e-06	0.0909090909092	0.0296393921341	0.317020855856
UP00153_1_Pitx1_2312.1	1.0	0.516901894336	1.0	0.999999999993	0.97079089993	0.946877960536	1.0	0.99213625838	0.999999999946	1.0	0.999999999991	1.0
UP00064_2_Sox18_secondary	0.999999999996	0.98596624081	1.0	1.0	0.978868917065	0.997998126428	0.996406895722	0.998614075965	0.999999999954	1.0	0.960951809922	0.888558422695
UP00016_1_Sry_primary	0.802626121984	0.999991180043	1.0	0.999999999983	0.999133085858	0.999999999584	0.999028673613	0.999998771446	0.999999999995	0.999999999998	0.999999999983	0.999999999984
UP00198_1_Cphx_3484.1	1.0	0.900818227009	1.0	0.612024235679	0.961793476987	0.977814485221	0.996734154386	0.915773037045	0.999999999981	1.0	0.95651161781	0.782589565894
MA0147.1.Myc	0.12753687016	0.0255064214009	0.00910463020169	0.000212769043947	0.0118276301923	2.70849170738e-06	3.00650056347e-06	8.05392626683e-05	0.00131947828103	1.0	1.14658734194e-15	1.32901811647e-09
UP00014_1_Sox17_primary	0.999999999998	0.999999587553	0.953247425909	0.975553025872	0.999998558633	0.999999880662	0.999648074771	0.999828289944	0.999999999953	0.999999999998	0.999963661455	0.996764200778
UP00164_2_Hoxa7_3750.1	1.0	0.995210725705	0.999999999994	0.99999999998	0.99999999995	0.990611048575	0.930296060834	0.956430493293	0.999999999961	1.0	0.999999999991	0.999999999999
MA0040.1.Foxq1	1.0	0.9962856454	0.733584969335	0.987433603648	0.999953958414	0.999991206589	0.993576608236	0.999965526135	0.999914404443	1.0	1.0	1.0
UP00154_1_Dlx3_1030.1	1.0	0.924660827248	0.64974997945	0.865030699669	0.662028344342	0.918519629193	0.863214094996	0.773207518185	0.99999999996	1.0	1.0	1.0
UP00242_1_Hoxc8_3429.2	0.737088041021	0.996270817565	0.999999999991	0.973371870414	0.987349572842	0.98552924565	1.0	0.890424757048	1.0	0.999999999998	1.0	0.999999999999
MA0117.1.Mafb	1.0	1.0	1.0	1.0	1.0	1.0	1.0	1.0	1.0	1.0	1.0	1.0
UP00019_1_Zbtb12_primary	1.0	0.278733574765	0.435633168566	1.0	0.999999999894	0.514323152086	0.587628112497	0.940305670735	0.999999999988	1.0	0.888443247656	0.782589565894
UP00118_1_Pou4f3_2791.1	0.999999999997	0.999999999947	0.631855622194	0.983484849418	0.999999999937	0.999999998657	0.997145327705	0.999996287325	0.999999999972	0.999999999998	0.999999999988	1.0
MA0138.1.REST	0.999999999989	0.160846387741	1.0	0.151010574214	0.33378114863	0.0936475424193	0.770908274474	0.0240350393863	0.0300977007256	1.0	0.000206647235806	0.00178186849709
UP00175_1_Lhx9_3492.1	1.0	0.999999999938	1.0	0.999999999979	0.997971392294	0.999883865903	0.990664544466	0.999999999986	0.999999999955	0.999999999999	0.99999999999	1.0
MA0130.1.ZNF354C	0.0975353704227	6.15850082448e-14	0.00223661054174	0.0532364111533	0.000123490652449	2.98293596232e-29	4.60381535018e-09	0.000460432966232	0.0706823719514	0.765237746118	6.44815258129e-06	0.00511372692245
UP00172_1_Prop1_3949.1	1.0	0.999999999908	1.0	1.0	0.997544598223	0.999981063867	1.0	1.0	0.999999999949	1.0	0.999999999989	1.0
UP00060_1_Max_primary	0.173568169896	0.0264166256223	0.317038374141	0.0711319939717	0.0117002588446	0.000740494517461	0.000169838580022	0.000898763864133	0.000655446042742	1.0	1.35604272811e-17	6.16486666566e-09
UP00067_2_Lef1_secondary	0.999999999993	0.986316069246	0.736971919304	0.754393688091	0.973053092776	0.99866951681	0.988700686595	0.938299420083	0.999999999982	1.0	1.0	0.999999999996
UP00260_1_Hoxc6_3954.2	0.836981194279	0.999940827241	1.0	0.999999999982	0.964203012082	0.999915189354	1.0	0.960607718998	0.999999999957	1.0	0.999999999996	0.999999999987
UP00005_2_Tcfap2a_secondary	0.782827816322	0.108387284153	0.865228402844	3.65091343249e-06	0.806490503439	0.00221892982319	0.203398095163	0.000753809339285	0.762447067299	1.0	0.557413412517	0.930876075765
UP00232_1_Dobox4_3956.2	1.0	0.991508549878	1.0	1.0	0.996042557591	0.99921684297	0.999999999987	1.0	0.999999999946	1.0	0.99999999998	1.0
UP00149_1_Phox2b_3948.1	1.0	1.0	1.0	1.0	0.968345928355	0.999883865903	0.999999999985	1.0	0.999999999961	1.0	0.999999999976	0.999999999999
UP00229_1_Otx1_2325.1	1.0	0.979956493185	1.0	0.99999999998	0.975145521386	0.983433446918	1.0	0.993618597545	0.999999999968	1.0	1.0	0.999999999996
UP00219_2_Cutl1_3494.2	0.681737138836	0.997785306811	1.0	0.999999999986	0.993885913645	0.99865881461	0.997974165436	0.997840017457	1.0	1.0	0.999999999996	1.0
UP00032_1_Gata3_primary	1.0	1.0	1.0	1.0	1.0	1.0	1.0	1.0	1.0	1.0	1.0	1.0
IRF8_IECS_HAND_KANO	0.912831792505	0.999886063436	0.986452117232	0.999838304209	0.99719651335	0.999827181594	0.99998395859	0.999937253224	0.986126722798	0.76198822589	0.996476923764	0.998634343447
UP00082_2_Zfp187_secondary	1.0	0.863175125513	0.61467619606	0.37461981406	0.333805209389	0.566966944754	0.0432194951359	0.631525203487	0.607044547893	1.0	0.0825014054262	0.00915960956071
UP00158_1_Pou1f1_3818.1	0.999999999997	0.999999999981	1.0	0.975237314614	0.999528343061	0.99999999616	0.99997505552	0.997433658641	0.999147570394	1.0	0.999999999984	1.0
MA0112.2.ESR1	0.999999999998	0.554127850492	0.248713703338	0.0711319939717	0.000650257720284	0.315297119307	0.151065222645	0.0301440671722	0.160258793548	1.0	0.575967986704	1.0
MA0050.1.IRF1	0.581542574464	0.999999142014	0.898164315649	0.354112598184	0.954570192706	0.999999924952	0.994749655201	0.70092632597	0.970756381827	1.0	0.999634328365	0.963055515239
UP00061_1_Foxl1_primary	1.0	0.999999835088	0.845393110346	0.99150702877	0.985336272747	0.999999999157	0.999882413207	0.953762108251	0.999999999985	0.999999999999	1.0	1.0
MA0033.1.FOXL1	0.450272376496	0.94661672566	0.187528738083	0.985406896071	0.997113107542	0.999259445208	0.645827002065	0.950236944902	0.999999999971	1.0	0.998142994201	0.986394308179
UP00088_2_Plagl1_secondary	0.999999999989	0.681423842653	1.0	0.0553676625537	0.465853280029	0.628205227934	0.194199980989	0.0521994254175	0.999999999929	1.0	1.0	1.0
UP00102_2_Zic1_secondary	0.681737138836	0.393562420502	0.496604388854	0.00918028450272	0.37823763349	0.0288495036633	0.284571575268	0.094646579467	0.208775305154	0.999999999998	0.717424272757	0.999999999996
UP00210_1_Mrg2_2302.1	0.99999999999	0.897684036159	0.299012145491	0.99999999998	0.788885988913	0.650785665175	0.408235342239	1.0	0.999999999954	1.0	1.0	1.0
UP00016_2_Sry_secondary	1.0	0.879677776419	0.782701266569	0.865030699669	0.773238946013	0.771067037546	0.978886459867	0.95975604215	0.999999999992	1.0	1.0	1.0
MA0062.2.GABPA	0.12753687016	0.00102349914857	1.52651113717e-06	0.575989149325	1.43279499752e-05	2.05339955616e-06	3.69594021567e-06	0.00211938456041	0.000277282792947	0.248808743528	0.000277745083972	0.299012176698
UP00083_1_Tcf7l2_primary	0.368088800348	0.8893949708	1.0	0.973371870414	0.913513055761	0.972061489658	0.973072898232	0.966448596973	0.999999999958	0.999999999998	0.999999999975	1.0
UP00245_1_Hoxc10_2779.2	1.0	0.71787697198	0.317038374141	0.581240431176	0.907773733054	0.933879283228	0.450080402066	0.611850058329	0.0621307146839	1.0	0.0249523225534	0.0510175293592
UP00031_1_Zbtb3_primary	0.0811952823337	0.0126951727056	0.401615280906	3.19573238489e-05	2.34391469147e-06	0.00766560866227	0.113385866691	2.9562791894e-06	0.999999999972	0.999999999999	0.99999999998	0.999999999997
UP00018_2_Irf4_secondary	0.999999999997	0.496438308606	0.228869462949	0.681488701093	0.133881551465	0.39525342424	0.0249620846659	0.0815991410691	8.5172503933e-05	0.0082191780822	0.000656467814818	0.00589282692539
UP00006_1_Zic3_primary	0.999999999989	0.00136259210973	0.0414447348906	0.107763060968	0.000139596662258	7.09329211761e-07	0.000311770490408	0.271630024749	0.00187779061479	0.173599003736	5.125230451e-05	0.00352603005044
UP00093_1_Klf7_primary	0.0885133205451	0.0599172537749	0.160220572661	0.960982221052	0.00745579388409	0.000852528704553	0.132801138104	0.199117112496	5.59151610608e-06	1.0	8.01189146456e-05	0.00253033632418
MA0145.1.Tcfcp2l1	0.435674176596	0.692922464987	1.0	0.525938092225	0.203429880476	0.0941847452906	0.940349668136	0.192513683507	0.465891283851	1.0	0.840080844074	0.614601996368
MA0143.1.Sox2	1.0	0.999994328945	0.961134969836	0.946455518208	0.999998134322	0.999999560028	0.999990408588	0.999674996583	0.999999999963	0.999999999998	0.999983112372	0.999999999996
MA0043.1.HLF	0.999999999993	0.942434405665	0.496604388854	0.999999999993	0.935480338282	0.878781719851	0.416444910434	0.977069326629	0.717987213187	1.0	0.754333331666	0.836726147545
MA0102.2.CEBPA	0.299012094779	0.816926657604	1.0	0.851516877383	0.784870551235	0.645635597042	0.521551166176	0.970778499379	0.82028823045	1.0	0.999999999997	1.0
UP00128_1_Pou3f2_2824.1	1.0	0.999727041	1.0	1.0	0.994831238324	0.999998562407	0.999999999972	0.999515082248	0.999999999984	0.999999999999	1.0	1.0
UP00208_2_Obox5_3963.2	1.0	0.999999999979	1.0	0.973371870414	0.997544598223	0.999999999854	0.998961999619	0.999699166708	0.999999999949	1.0	0.999999999983	1.0
UP00074_2_Isgf3g_secondary	1.0	0.999513769006	0.975922997179	0.786843393109	0.999610639896	0.999673038741	0.992006993482	0.969991616974	0.999999999972	0.999999999999	0.996291406015	0.889929551853
UP00042_1_Gm397_primary	0.61476025613	0.0680054367449	0.263938362095	0.348916308419	0.302465846142	9.70661962389e-06	0.00032757568477	0.433991832728	0.999999999965	1.0	0.907822971375	1.0
UP00408_2_Gabpa_secondary	0.576169490033	0.0599172537749	0.299012145491	0.450114003305	0.401159515921	0.128634207639	0.74854696926	0.499616142719	0.851455141692	1.0	0.754333331666	0.760818451888
MA0076.1.ELK4	0.00649658193253	0.000778748483379	1.71498055509e-07	0.0198435001599	3.02218378679e-09	3.71933670347e-14	5.13716794268e-08	4.62773301558e-11	5.13738385435e-06	0.0436012582158	0.00614396692952	0.0065118510662
MA0139.1.CTCF	0.317058216345	0.525877704652	0.379157211458	0.64961565851	0.151079508903	0.268571253695	0.196712189517	0.0815991410691	0.999999999971	1.0	0.649588936813	0.435596966534
UP00031_2_Zbtb3_secondary	0.761047770897	0.600508380328	1.0	0.801344871943	0.936392664249	0.718585045995	0.992287175619	0.72337338665	0.930796658343	1.0	0.999999999972	0.999999999993
UP00143_1_Dobox5_3493.1	1.0	0.940325587411	1.0	0.999999999979	0.944817274997	0.938258400283	0.989729431642	1.0	0.999999999976	1.0	1.0	1.0
UP00092_1_Myb_primary	0.999999999997	0.379094815079	0.248713703338	1.0	0.0437729057095	0.102164059574	0.3790983879	0.486864762207	0.00826004826853	1.0	5.08544008783e-08	0.000749428813345
UP00039_1_Foxj3_primary	0.999999999997	0.99989026864	0.68436974466	0.987139052279	0.987249314049	0.999995125968	0.999774643079	0.999543451535	0.999999999946	0.999999999999	0.999999999982	1.0
UP00015_1_Ehf_primary	0.435674176596	0.59416546443	0.0685630248641	0.263951842969	0.178374843882	0.107209403501	0.30992166002	0.0308163767323	0.0300977007256	0.0231795241529	0.00665008898686	0.434251741744
UP00017_3_Nkx3-1_2923.2	0.99999999999	0.999999999938	1.0	0.851516877383	0.747976177006	0.999999999671	0.957015389476	0.748467218288	0.999999999963	0.999999999998	0.999999999987	0.999999999999
UP00209_1_Cart1_0997.1	1.0	0.999999999897	1.0	0.999999999981	0.994202663704	0.999634974978	0.973324777945	1.0	0.999999999968	0.999999999998	0.99999999999	1.0
UP00042_2_Gm397_secondary	0.0364330108897	8.24087538814e-16	0.000304813721486	0.0464519222248	0.0287651718057	8.46055752107e-23	1.26291313507e-09	0.0571634695979	0.698144415145	1.0	0.992999929368	1.0
UP00139_1_Nkx1-2_3214.1	0.99999999999	0.9849459527	0.486978195992	0.90786134373	0.999999999975	0.994364359094	0.898563353932	0.994199378542	0.999999999957	1.0	0.99999999999	0.999999999996
UP00091_1_Sox5_primary	1.0	0.999952116356	0.888679228015	0.995668185884	0.999873486912	0.999994909881	0.999963428265	0.998968865938	0.999999999948	1.0	0.99999999998	1.0
