['EGR4_1_HYPER', 'regions', 'AllCord_Transfac/fibroblasts_f6_hyper/EGR4.bed']
['EGR4_1_HYPO', 'region', 'AllCord_Transfac/fibroblasts_f6_hypo/EGR4.bed']
['EGR4_2_HYPER ', 'regions', 'AllCord_Transfac/fibroblasts_f8_hyper/EGR4.bed']
['EGR4_MSC_HYPER', 'regions', 'AllCord_Transfac/koch_senescence_hyper/EGR4.bed']
['EGR4_MSC_HYPO', 'regions', 'AllCord_Transfac/koch_senescence_hypo/EGR4.bed']
['EGR3_1_HYPER', 'regions', 'AllCord_Transfac/fibroblasts_f6_hyper/EGR3.bed']
['EGR3_1_HYPO', 'regions', 'AllCord_Transfac/fibroblasts_f6_hypo/EGR3.bed']
['EGR3_2_HYPER ', 'regions', 'AllCord_Transfac/fibroblasts_f8_hyper/EGR3.bed']
['EGR3_MSC_HYPER', 'regions', 'AllCord_Transfac/koch_senescence_hyper/EGR3.bed']
['EGR3_MSC_HYPO', 'regions', 'AllCord_Transfac/koch_senescence_hypo/EGR3.bed']
['ARNT_1_HYPER', 'regions', 'AllCoord/fibroblasts_f6_hyper/ARNT.bed']
['ARNT_1_HYPO', 'regions', 'AllCoord/fibroblasts_f6_hypo/ARNT.bed']
['ARNT_2_HYPER ', 'regions', 'AllCoord/fibroblasts_f8_hyper/ARNT.bed']
['ARNT_MSC_HYPER', 'regions', 'AllCoord/koch_senescence_hyper/ARNT.bed']
['ARNT_MSC_HYPO', 'regions', 'AllCoord/koch_senescence_hypo/ARNT.bed']
['EGR1_1_HYPER', 'regions', 'AllCoord/fibroblasts_f6_hyper/EGR1.bed']
['EGR1_1_HYPO', 'regions', 'AllCoord/fibroblasts_f6_hypo/EGR1.bed']
['EGR1_2_HYPER ', 'regions', 'AllCoord/fibroblasts_f8_hyper/EGR1.bed']
['EGR1_MSC_HYPER', 'regions', 'AllCoord/koch_senescence_hyper/EGR1.bed']
['EGR1_MSC_HYPO', 'regions', 'AllCoord/koch_senescence_hypo/EGR1.bed']
['MSC_UP', 'genes', 'up_genes.txt']
['MSC_DOWN', 'genes', 'down_genes.txt']
[<rgt.GeneSet.GeneSet instance at 0x36c66c8>, <rgt.GeneSet.GeneSet instance at 0x36c6758>]
EGR4_1_HYPER MSC_UP 10 8.35 0.628714010274 430 407 23725 0.0232558139535 0.0194186046512 1.19760479042 0.264768152109 430
EGR4_1_HYPER MSC_DOWN 12 9.18 1.00030193237 601 407 23725 0.0199667221298 0.0152745424293 1.30718954248 0.158582206166 601
EGR4_2_HYPER  MSC_UP 14 7.62 2.10392688325 430 369 23725 0.0325581395349 0.0177209302326 1.83727034121 0.0176924127614 430
EGR4_2_HYPER  MSC_DOWN 14 12.62 0.474016937672 601 369 23725 0.0232945091514 0.0209983361065 1.10935023772 0.317743914484 601
EGR4_MSC_HYPER MSC_UP 0 0.37 -0.622662721178 430 15 23725 0.0 0.000860465116279 0.0 0.733246907476 430
EGR4_MSC_HYPER MSC_DOWN 1 0.17 1.95037834894 601 15 23725 0.00166389351082 0.000282861896839 5.88235294118 0.0255655202436 601
EGR4_MSC_HYPO MSC_UP 0 0.2 -0.471404520791 430 8 23725 0.0 0.00046511627907 0.0 0.681324055883 430
EGR4_MSC_HYPO MSC_DOWN 0 0.09 -0.314485451017 601 8 23725 0.0 0.000149750415973 0.0 0.623423817617 601
EGR3_1_HYPER MSC_UP 9 7.61 0.598277104219 430 338 23725 0.0209302325581 0.0176976744186 1.1826544021 0.274827525571 430
EGR3_1_HYPER MSC_DOWN 12 6.65 2.08130245318 601 338 23725 0.0199667221298 0.0110648918469 1.8045112782 0.0187031153839 601
EGR3_1_HYPO MSC_UP 10 7.98 0.837345714274 430 308 23725 0.0232558139535 0.0185581395349 1.25313283208 0.201199135114 430
EGR3_1_HYPO MSC_DOWN 9 9.04 -0.0152961713886 601 308 23725 0.0149750415973 0.0150415973378 0.995575221239 0.506102051542 601
EGR3_2_HYPER  MSC_UP 11 6.92 1.61356859278 430 331 23725 0.0255813953488 0.0160930232558 1.58959537572 0.0533105169283 430
EGR3_2_HYPER  MSC_DOWN 21 10.96 3.52369645916 601 331 23725 0.0349417637271 0.0182362728785 1.91605839416 0.0002127857373 601
EGR3_MSC_HYPER MSC_UP 0 0.42 -0.661109977522 430 26 23725 0.0 0.000976744186047 0.0 0.745729106441 430
EGR3_MSC_HYPER MSC_DOWN 2 0.46 2.25015418392 601 26 23725 0.00332778702163 0.000765391014975 4.34782608696 0.0122195797599 601
EGR3_MSC_HYPO MSC_UP 1 0.11 2.84445233585 430 6 23725 0.00232558139535 0.000255813953488 9.09090909091 0.00222439206959 430
EGR3_MSC_HYPO MSC_DOWN 0 0.24 -0.410151556215 601 6 23725 0.0 0.000399334442596 0.0 0.659152612541 601
ARNT_1_HYPER MSC_UP 0 1.89 -1.44199204434 430 93 23725 0.0 0.00439534883721 0.0 0.925347691019 430
ARNT_1_HYPER MSC_DOWN 3 2.25 0.526721240415 601 93 23725 0.00499168053245 0.00374376039933 1.33333333333 0.299193591636 601
ARNT_1_HYPO MSC_UP 3 4.57 -0.763802641963 430 196 23725 0.00697674418605 0.0106279069767 0.656455142232 0.777507568908 430
ARNT_1_HYPO MSC_DOWN 4 5.58 -0.622433273202 601 196 23725 0.00665557404326 0.00928452579035 0.716845878136 0.733171496354 601
ARNT_2_HYPER  MSC_UP 10 3.34 3.56787989727 430 101 23725 0.0232558139535 0.00776744186047 2.99401197605 0.000179940691853 430
ARNT_2_HYPER  MSC_DOWN 3 2.81 0.11286553391 601 101 23725 0.00499168053245 0.00467554076539 1.06761565836 0.45506858082 601
ARNT_MSC_HYPER MSC_UP 3 1.85 0.803685041487 430 92 23725 0.00697674418605 0.0043023255814 1.62162162162 0.210789447609 430
ARNT_MSC_HYPER MSC_DOWN 4 2.36 1.01505673622 601 92 23725 0.00665557404326 0.00392678868552 1.69491525424 0.155039391549 601
ARNT_MSC_HYPO MSC_UP 6 5.02 0.495000002577 430 142 23725 0.0139534883721 0.0116744186047 1.19521912351 0.310300059345 430
ARNT_MSC_HYPO MSC_DOWN 4 3.82 0.101457168282 601 142 23725 0.00665557404326 0.00635607321131 1.04712041885 0.459593778407 601
EGR1_1_HYPER MSC_UP 1 0.3 1.29986736724 430 20 23725 0.00232558139535 0.000697674418605 3.33333333333 0.0968232156346 430
EGR1_1_HYPER MSC_DOWN 0 0.26 -0.498161082406 601 20 23725 0.0 0.000432612312812 0.0 0.690814744787 601
EGR1_1_HYPO MSC_UP 0 0.54 -0.825028647325 430 19 23725 0.0 0.00125581395349 0.0 0.795322336574 430
EGR1_1_HYPO MSC_DOWN 0 0.69 -0.880643784119 601 19 23725 0.0 0.00114808652246 0.0 0.810744673749 601
EGR1_2_HYPER  MSC_UP 0 0.4 -0.73029674334 430 12 23725 0.0 0.00093023255814 0.0 0.767395590774 430
EGR1_2_HYPER  MSC_DOWN 1 0.25 1.57242725508 601 12 23725 0.00166389351082 0.000415973377704 4.0 0.057925748763 601
EGR1_MSC_HYPER MSC_UP 0 0.44 -0.658552774098 430 27 23725 0.0 0.00102325581395 0.0 0.74490850124 430
EGR1_MSC_HYPER MSC_DOWN 1 0.41 1.00902624213 601 27 23725 0.00166389351082 0.000682196339434 2.43902439024 0.156481024497 601
EGR1_MSC_HYPO MSC_UP 0 0.22 -0.457144399208 430 10 23725 0.0 0.000511627906977 0.0 0.676216370342 430
EGR1_MSC_HYPO MSC_DOWN 0 0.21 -0.462797624857 601 10 23725 0.0 0.000349417637271 0.0 0.678245283064 601
