EGR1_1_HYPER MSC_UP 1 0.77 0.240170404376 430 42 23725 0.00232558139535 0.00179069767442 1.2987012987 0.405099078086 430
EGR1_1_HYPER MSC_DOWN 0 3.31 -0.463975584671 601 42 23725 0.0 0.0055074875208 0.0 0.678667380888 601
EGR1_1_HYPO MSC_UP 1 1.68 -0.331900867173 430 62 23725 0.00232558139535 0.00390697674419 0.595238095238 0.630017942217 430
EGR1_1_HYPO MSC_DOWN 1 4.01 -0.442887052929 601 62 23725 0.00166389351082 0.00667221297837 0.249376558603 0.67107628369 601
EGR1_2_HYPER  MSC_UP 2 2.01 -0.00185727683228 430 42 23725 0.0046511627907 0.00467441860465 0.995024875622 0.500740945829 430
EGR1_2_HYPER  MSC_DOWN 2 3.71 -0.256958727475 601 42 23725 0.00332778702163 0.00617304492512 0.539083557951 0.601394682903 601
EGR1_MSC_HYPER MSC_UP 1 2.79 -0.286534267031 430 52 23725 0.00232558139535 0.00648837209302 0.358422939068 0.612765524071 430
EGR1_MSC_HYPER MSC_DOWN 3 4.37 -0.17550679293 601 52 23725 0.00499168053245 0.00727121464226 0.686498855835 0.569659283181 601
EGR1_MSC_HYPO MSC_UP 0 2.28 -0.383523291034 430 22 23725 0.0 0.0053023255814 0.0 0.649334097851 430
EGR1_MSC_HYPO MSC_DOWN 0 3.55 -0.487779580012 601 22 23725 0.0 0.00590682196339 0.0 0.687147011639 601

