ARNT_1_HYPER MSC_UP 5 7.79 -0.58142793812 430 274 23725 0.0116279069767 0.0181162790698 0.641848523748 0.71952396371 430
ARNT_1_HYPER MSC_DOWN 8 8.98 -0.136719580215 601 274 23725 0.0133111480865 0.0149417637271 0.890868596882 0.554373773954 601
ARNT_1_HYPO MSC_UP 14 3.8 1.22140361274 430 496 23725 0.0325581395349 0.00883720930233 3.68421052632 0.110966620003 430
ARNT_1_HYPO MSC_DOWN 13 4.41 1.00399601038 601 496 23725 0.0216306156406 0.0073377703827 2.94784580499 0.157690268305 601
ARNT_2_HYPER  MSC_UP 12 6.84 0.841342121595 430 246 23725 0.0279069767442 0.0159069767442 1.75438596491 0.200078149903 430
ARNT_2_HYPER  MSC_DOWN 8 9.16 -0.167756220884 601 246 23725 0.0133111480865 0.0152412645591 0.873362445415 0.566612467508 601
ARNT_MSC_HYPER MSC_UP 6 5.46 0.12431576951 430 204 23725 0.0139534883721 0.0126976744186 1.0989010989 0.450532630946 430
ARNT_MSC_HYPER MSC_DOWN 6 7.13 -0.145890761667 601 204 23725 0.00998336106489 0.0118635607321 0.841514726508 0.55799618766 601
ARNT_MSC_HYPO MSC_UP 8 9.17 -0.260701943556 430 259 23725 0.0186046511628 0.0213255813953 0.872410032715 0.602838816432 430
ARNT_MSC_HYPO MSC_DOWN 7 8.75 -0.225534378593 601 259 23725 0.0116472545757 0.0145590682196 0.8 0.589218208026 601

