EGR3_1_HYPER MSC_UP 31 19.62 1.08201697054 430 1248 23725 0.0720930232558 0.0456279069767 1.58002038736 0.139622493619 430
EGR3_1_HYPER MSC_DOWN 36 18.62 1.46670270211 601 1248 23725 0.0599001663894 0.0309816971714 1.93340494092 0.0712284737515 601
EGR3_1_HYPO MSC_UP 50 9.46 2.66291088578 430 1704 23725 0.116279069767 0.022 5.28541226216 0.00387339634409 430
EGR3_1_HYPO MSC_DOWN 39 10.51 1.70293799669 601 1704 23725 0.0648918469218 0.0174875207987 3.71075166508 0.044289836172 601
EGR3_2_HYPER  MSC_UP 35 20.83 3.24220641784 430 1115 23725 0.0813953488372 0.0484418604651 1.68026884301 0.000593040405505 430
EGR3_2_HYPER  MSC_DOWN 38 26.43 2.54147031609 601 1115 23725 0.063227953411 0.0439767054908 1.43776012107 0.0055193659568 601
EGR3_MSC_HYPER MSC_UP 0 0.52 -0.775514982153 430 33 23725 0.0 0.00120930232558 0.0 0.780982292023 430
EGR3_MSC_HYPER MSC_DOWN 2 0.57 1.86948071047 601 33 23725 0.00332778702163 0.000948419301165 3.50877192982 0.0307779824318 601
EGR3_MSC_HYPO MSC_UP 1 0.35 1.30654915984 430 16 23725 0.00232558139535 0.000813953488372 2.85714285714 0.0956829363929 430
EGR3_MSC_HYPO MSC_DOWN 0 0.29 -0.524334288933 601 16 23725 0.0 0.000482529118136 0.0 0.699976974083 601

