['EGR4_1_HYPER', 'regions', 'AllCord_Transfac/fibroblasts_f6_hyper/EGR4.bed']
['EGR4_1_HYPO', 'region', 'AllCord_Transfac/fibroblasts_f6_hypo/EGR4.bed']
['EGR4_2_HYPER ', 'regions', 'AllCord_Transfac/fibroblasts_f8_hyper/EGR4.bed']
['EGR4_MSC_HYPER', 'regions', 'AllCord_Transfac/koch_senescence_hyper/EGR4.bed']
['EGR4_MSC_HYPO', 'regions', 'AllCord_Transfac/koch_senescence_hypo/EGR4.bed']
['EGR3_1_HYPER', 'regions', 'AllCord_Transfac/fibroblasts_f6_hyper/EGR3.bed']
['EGR3_1_HYPO', 'regions', 'AllCord_Transfac/fibroblasts_f6_hypo/EGR3.bed']
['EGR3_2_HYPER ', 'regions', 'AllCord_Transfac/fibroblasts_f8_hyper/EGR3.bed']
['EGR3_MSC_HYPER', 'regions', 'AllCord_Transfac/koch_senescence_hyper/EGR3.bed']
['EGR3_MSC_HYPO', 'regions', 'AllCord_Transfac/koch_senescence_hypo/EGR3.bed']
['ARNT_1_HYPER', 'regions', 'AllCoord/fibroblasts_f6_hyper/ARNT.bed']
['ARNT_1_HYPO', 'regions', 'AllCoord/fibroblasts_f6_hypo/ARNT.bed']
['ARNT_2_HYPER ', 'regions', 'AllCoord/fibroblasts_f8_hyper/ARNT.bed']
['ARNT_MSC_HYPER', 'regions', 'AllCoord/koch_senescence_hyper/ARNT.bed']
['ARNT_MSC_HYPO', 'regions', 'AllCoord/koch_senescence_hypo/ARNT.bed']
['EGR1_1_HYPER', 'regions', 'AllCoord/fibroblasts_f6_hyper/EGR1.bed']
['EGR1_1_HYPO', 'regions', 'AllCoord/fibroblasts_f6_hypo/EGR1.bed']
['EGR1_2_HYPER ', 'regions', 'AllCoord/fibroblasts_f8_hyper/EGR1.bed']
['EGR1_MSC_HYPER', 'regions', 'AllCoord/koch_senescence_hyper/EGR1.bed']
['EGR1_MSC_HYPO', 'regions', 'AllCoord/koch_senescence_hypo/EGR1.bed']
['MSC_UP', 'genes', 'up_genes.txt']
['MSC_DOWN', 'genes', 'down_genes.txt']
[<rgt.GeneSet.GeneSet instance at 0x3c8fcb0>, <rgt.GeneSet.GeneSet instance at 0x3c8fd40>]
EGR4_1_HYPER MSC_UP 57 45.02 2.04282247631 430 1834 23725 0.132558139535 0.104697674419 1.2661039538 0.0205350073689 430
EGR4_1_HYPER MSC_DOWN 47 42.828 0.721475273587 601 1834 23725 0.0782029950083 0.0712612312812 1.09741290744 0.235308574231 601
EGR4_2_HYPER  MSC_UP 47 39.442 1.28880372855 430 1587 23725 0.109302325581 0.0917255813953 1.19162314284 0.0987331647357 430
EGR4_2_HYPER  MSC_DOWN 46 37.138 1.54928753545 601 1587 23725 0.0765391014975 0.0617936772047 1.23862351231 0.0606563073817 601
EGR4_MSC_HYPER MSC_UP 0 0.574 -0.777863474819 430 28 23725 0.0 0.00133488372093 0.0 0.781675248559 430
EGR4_MSC_HYPER MSC_DOWN 1 0.512 0.700109606496 601 28 23725 0.00166389351082 0.000851913477537 1.953125 0.241929428477 601
EGR4_MSC_HYPO MSC_UP 0 0.406 -0.650818222295 430 19 23725 0.0 0.000944186046512 0.0 0.742418082089 430
EGR4_MSC_HYPO MSC_DOWN 0 0.406 -0.622655446657 601 19 23725 0.0 0.000675540765391 0.0 0.733244516774 601
EGR3_1_HYPER MSC_UP 31 30.874 0.0242963952303 430 1248 23725 0.0720930232558 0.0718 1.00408110384 0.490308094237 430
EGR3_1_HYPER MSC_DOWN 36 29.202 1.32888062742 601 1248 23725 0.0599001663894 0.0485890183028 1.2327922745 0.0919436780688 601
EGR3_1_HYPO MSC_UP 50 46.718 0.535673618466 430 1704 23725 0.116279069767 0.108646511628 1.070251295 0.296092069768 430
EGR3_1_HYPO MSC_DOWN 39 45.35 -0.969997113889 601 1704 23725 0.0648918469218 0.0754575707155 0.859977949283 0.833976034637 601
EGR3_2_HYPER  MSC_UP 35 27.532 1.53153173246 430 1115 23725 0.0813953488372 0.0640279069767 1.27124800232 0.0628190150174 430
EGR3_2_HYPER  MSC_DOWN 38 25.964 2.57342245723 601 1115 23725 0.063227953411 0.0432013311148 1.46356493607 0.00503491044971 601
EGR3_MSC_HYPER MSC_UP 0 0.598 -0.79041084218 430 33 23725 0.0 0.00139069767442 0.0 0.785356063836 430
EGR3_MSC_HYPER MSC_DOWN 2 0.528 2.0158407663 601 33 23725 0.00332778702163 0.00087853577371 3.78787878788 0.0219083145925 601
EGR3_MSC_HYPO MSC_UP 1 0.382 1.03565981121 430 16 23725 0.00232558139535 0.000888372093023 2.61780104712 0.150180438871 430
EGR3_MSC_HYPO MSC_DOWN 0 0.338 -0.621512572447 601 16 23725 0.0 0.000562396006656 0.0 0.732868787533 601
ARNT_1_HYPER MSC_UP 5 7.492 -0.931698749729 430 274 23725 0.0116279069767 0.017423255814 0.667378537106 0.8242538836 430
ARNT_1_HYPER MSC_DOWN 8 7.132 0.326616528137 601 274 23725 0.0133111480865 0.0118668885191 1.12170499159 0.371978970471 601
ARNT_1_HYPO MSC_UP 14 15.472 -0.385013074416 430 496 23725 0.0325581395349 0.0359813953488 0.904860392968 0.649886135571 430
ARNT_1_HYPO MSC_DOWN 13 14.248 -0.325520344213 601 496 23725 0.0216306156406 0.0237071547421 0.912408759124 0.627606356065 601
ARNT_2_HYPER  MSC_UP 12 7.326 1.65047517691 430 246 23725 0.0279069767442 0.0170372093023 1.638001638 0.0494228931499 430
ARNT_2_HYPER  MSC_DOWN 8 6.52 0.571876317655 601 246 23725 0.0133111480865 0.0108485856905 1.22699386503 0.283702884626 601
ARNT_MSC_HYPER MSC_UP 6 5.282 0.306310090688 430 204 23725 0.0139534883721 0.0122837209302 1.13593335858 0.379684278491 430
ARNT_MSC_HYPER MSC_DOWN 6 4.998 0.427176729449 601 204 23725 0.00998336106489 0.00831613976705 1.20048019208 0.334625304688 601
ARNT_MSC_HYPO MSC_UP 8 7.888 0.0410847896038 430 259 23725 0.0186046511628 0.0183441860465 1.01419878296 0.483614150252 430
ARNT_MSC_HYPO MSC_DOWN 7 7.31 -0.112642403978 601 259 23725 0.0116472545757 0.0121630615641 0.957592339261 0.544842967272 601
EGR1_1_HYPER MSC_UP 1 0.876 0.134605879559 430 42 23725 0.00232558139535 0.00203720930233 1.14155251142 0.446461746352 430
EGR1_1_HYPER MSC_DOWN 0 0.736 -0.873284363786 601 42 23725 0.0 0.00122462562396 0.0 0.808745949458 601
EGR1_1_HYPO MSC_UP 1 1.522 -0.438436314278 430 62 23725 0.00232558139535 0.00353953488372 0.65703022339 0.669464986579 430
EGR1_1_HYPO MSC_DOWN 1 1.288 -0.251717479816 601 62 23725 0.00166389351082 0.00214309484193 0.776397515528 0.599370277492 601
EGR1_2_HYPER  MSC_UP 2 1.006 0.960952235799 430 42 23725 0.0046511627907 0.00233953488372 1.98807157058 0.168288092246 430
EGR1_2_HYPER  MSC_DOWN 2 0.878 1.19938895398 601 42 23725 0.00332778702163 0.0014608985025 2.27790432802 0.115188370343 601
EGR1_MSC_HYPER MSC_UP 1 0.916 0.0918186886541 430 52 23725 0.00232558139535 0.00213023255814 1.09170305677 0.463421047693 430
EGR1_MSC_HYPER MSC_DOWN 3 0.942 2.1379167315 601 52 23725 0.00499168053245 0.00156738768719 3.1847133758 0.0162617510194 601
EGR1_MSC_HYPO MSC_UP 0 0.47 -0.745843852377 430 22 23725 0.0 0.00109302325581 0.0 0.77211912694 430
EGR1_MSC_HYPO MSC_DOWN 0 0.374 -0.608211294127 601 22 23725 0.0 0.000622296173045 0.0 0.72847632756 601
