FACTOR1	P-VALUE	CORR.P-VALUE	A	B	C	D	PERCENT	BACK.PER.	GENES
UP00079_1_Esrra_primary	1.0	1.0	1.0	718.0	0.0	0.0	0.14	0.0	VWA3B
UP00000_2_Smad3_secondary	1.0	1.0	1.0	718.0	0.0	0.0	0.14	0.0	
MA0163.1.PLAG1	1.0	1.0	1.0	718.0	0.0	0.0	0.14	0.0	CSMD1
MA0152.1.NFATC2	1.0	1.0	12.0	707.0	0.0	0.0	1.67	0.0	SPEF2,LINC00461,KRTAP13-2,KRTAP23-1,MIR548N,PMFBP1
UP00228_1_Bapx1_2343.1	1.0	1.0	0.0	719.0	0.0	0.0	0.0	0.0	
MA0137.1.STAT1	1.0	1.0	2.0	717.0	0.0	0.0	0.28	0.0	LCLAT1,EIF3M
UP00104_1_Hmx1_3423.1	1.0	1.0	1.0	718.0	0.0	0.0	0.14	0.0	C4BPA
MA0078.1.Sox17	1.0	1.0	0.0	719.0	0.0	0.0	0.0	0.0	
UP00040_2_Irf5_secondary	1.0	1.0	2.0	717.0	0.0	0.0	0.28	0.0	CDH11,FBXL4
MA0055.1.Myf	1.0	1.0	6.0	713.0	0.0	0.0	0.83	0.0	APLNR,PLCG2,LHX8,NDNF,SAMD5,GUSBP1,LRRC55
MA0156.1.FEV	1.0	1.0	0.0	719.0	0.0	0.0	0.0	0.0	
UP00017_2_Nkx3-1_secondary	1.0	1.0	0.0	719.0	0.0	0.0	0.0	0.0	
MA0111.1.Spz1	1.0	1.0	1.0	718.0	0.0	0.0	0.14	0.0	
UP00106_1_Vax2_3500.1	1.0	1.0	0.0	719.0	0.0	0.0	0.0	0.0	
UP00051_1_Sox8_primary	1.0	1.0	2.0	717.0	0.0	0.0	0.28	0.0	STOML3
UP00257_1_Shox2_2641.2	1.0	1.0	0.0	719.0	0.0	0.0	0.0	0.0	
UP00067_1_Lef1_primary	1.0	1.0	0.0	719.0	0.0	0.0	0.0	0.0	
MA0041.1.Foxd3	1.0	1.0	2.0	717.0	0.0	0.0	0.28	0.0	FAM184B
UP00406_2_Spdef_secondary	1.0	1.0	0.0	719.0	0.0	0.0	0.0	0.0	
UP00004_1_Sox14_primary	1.0	1.0	1.0	718.0	0.0	0.0	0.14	0.0	
UP00206_1_Hoxb7_3953.1	1.0	1.0	0.0	719.0	0.0	0.0	0.0	0.0	
UP00075_1_Sox15_primary	1.0	1.0	0.0	719.0	0.0	0.0	0.0	0.0	
UP00226_1_Mrg1_2246.2	1.0	1.0	1.0	718.0	0.0	0.0	0.14	0.0	CCDC140
UP00023_1_Sox30_primary	1.0	1.0	1.0	718.0	0.0	0.0	0.14	0.0	STOML3
MA0019.1.Ddit3::Cebpa	1.0	1.0	3.0	716.0	0.0	0.0	0.42	0.0	CSMD1,ADAD1,RCN1
UP00244_1_Tlx2_3498.2	1.0	1.0	0.0	719.0	0.0	0.0	0.0	0.0	
UP00159_1_Six2_2307.2	1.0	1.0	1.0	718.0	0.0	0.0	0.14	0.0	MIR548X
UP00227_1_Duxl_1286.2	1.0	1.0	0.0	719.0	0.0	0.0	0.0	0.0	
UP00100_1_Gata6_primary	1.0	1.0	0.0	719.0	0.0	0.0	0.0	0.0	
MA0072.1.RORA_2	1.0	1.0	0.0	719.0	0.0	0.0	0.0	0.0	
UP00087_2_Tcfap2c_secondary	1.0	1.0	0.0	719.0	0.0	0.0	0.0	0.0	
UP00183_1_Hoxa13_3126.1	1.0	1.0	1.0	718.0	0.0	0.0	0.14	0.0	ARMC3
UP00081_2_Mybl1_secondary	1.0	1.0	1.0	718.0	0.0	0.0	0.14	0.0	APLNR,LRRC55
UP00253_1_Rax_3443.1	1.0	1.0	0.0	719.0	0.0	0.0	0.0	0.0	
MA0150.1.NFE2L2	1.0	1.0	2.0	717.0	0.0	0.0	0.28	0.0	CA8
UP00240_1_Cdx1_2245.1	1.0	1.0	2.0	717.0	0.0	0.0	0.28	0.0	PAX1
UP00201_1_Emx2_3420.1	1.0	1.0	1.0	718.0	0.0	0.0	0.14	0.0	PHLPP1
UP00116_1_Rhox6_4251.1	1.0	1.0	0.0	719.0	0.0	0.0	0.0	0.0	
UP00230_1_Dlx5_3419.2	1.0	1.0	1.0	718.0	0.0	0.0	0.14	0.0	NAV2
UP00168_1_Hoxd8_2644.1	1.0	1.0	0.0	719.0	0.0	0.0	0.0	0.0	
UP00048_2_Rara_secondary	1.0	1.0	1.0	718.0	0.0	0.0	0.14	0.0	CES1
UP00391_1_Hoxa3_primary	1.0	1.0	1.0	718.0	0.0	0.0	0.14	0.0	PHLPP1
MA0148.1.FOXA1	1.0	1.0	3.0	716.0	0.0	0.0	0.42	0.0	PLCG2,SDR42E1,NTM
UP00182_1_Hoxa6_1040.1	1.0	1.0	0.0	719.0	0.0	0.0	0.0	0.0	
UP00099_1_Ascl2_primary	1.0	1.0	2.0	717.0	0.0	0.0	0.28	0.0	DPYS,CDH13,DCSTAMP
UP00080_1_Gata5_primary	1.0	1.0	1.0	718.0	0.0	0.0	0.14	0.0	TBX18
UP00249_1_Nkx2-5_3436.1	1.0	1.0	0.0	719.0	0.0	0.0	0.0	0.0	
UP00047_2_Zbtb7b_secondary	1.0	1.0	1.0	718.0	0.0	0.0	0.14	0.0	ZFAND4,MARCH8
UP00008_3_Six6_2267.4	1.0	1.0	0.0	719.0	0.0	0.0	0.0	0.0	
UP00024_1_Glis2_primary	1.0	1.0	0.0	719.0	0.0	0.0	0.0	0.0	
UP00025_1_Foxk1_primary	1.0	1.0	3.0	716.0	0.0	0.0	0.42	0.0	CDH13,FAM184B
MA0161.1.NFIC	1.0	1.0	13.0	706.0	0.0	0.0	1.81	0.0	CRP,CDH12,RPS6KA5,IDH1,NPAS3,DMRT2,C14orf159,PROX1,MON1B
UP00248_1_Pax7_3783.1	1.0	1.0	0.0	719.0	0.0	0.0	0.0	0.0	
UP00107_1_Nkx2-4_3074.1	1.0	1.0	0.0	719.0	0.0	0.0	0.0	0.0	
UP00089_3_Tcf1_2666.2	1.0	1.0	0.0	719.0	0.0	0.0	0.0	0.0	
UP00157_1_Hmx3_3490.2	1.0	1.0	1.0	718.0	0.0	0.0	0.14	0.0	C4BPA
UP00406_1_Spdef_primary	1.0	1.0	4.0	715.0	0.0	0.0	0.56	0.0	MYO5B,ATP10B,MIR548X
UP00047_1_Zbtb7b_primary	1.0	1.0	0.0	719.0	0.0	0.0	0.0	0.0	
MA0061.1.NF-kappaB	1.0	1.0	1.0	718.0	0.0	0.0	0.14	0.0	EDARADD
UP00267_1_Otx2_3441.1	1.0	1.0	0.0	719.0	0.0	0.0	0.0	0.0	
MA0142.1.Pou5f1	1.0	1.0	1.0	718.0	0.0	0.0	0.14	0.0	
UP00030_1_Sox11_primary	1.0	1.0	2.0	717.0	0.0	0.0	0.28	0.0	STOML3,PMFBP1
UP00018_1_Irf4_primary	1.0	1.0	2.0	717.0	0.0	0.0	0.28	0.0	LCLAT1,ARMC3
UP00057_1_Zic2_primary	1.0	1.0	3.0	716.0	0.0	0.0	0.42	0.0	SPATA13,C6orf118,VPS41,FAM183B
UP00084_1_Gmeb1_primary	1.0	1.0	0.0	719.0	0.0	0.0	0.0	0.0	
MA0018.2.CREB1	1.0	1.0	6.0	713.0	0.0	0.0	0.83	0.0	KIAA1598,ERBB4,SP5,MSRA,ATP7B
UP00081_1_Mybl1_primary	1.0	1.0	0.0	719.0	0.0	0.0	0.0	0.0	
MA0067.1.Pax2	1.0	1.0	1.0	718.0	0.0	0.0	0.14	0.0	
MA0098.1.ETS1	1.0	1.0	31.0	688.0	0.0	0.0	4.31	0.0	CDH13,EPHA4,IPO11-LRRC70,GBX2,DLX6-AS1,FEZF1,FAM163A,RORB,NTRK2,DGKG,LAMA1,NALCN-AS1,COG6,ATP12A,AGAP1,SALL1,PAX9,CNNM1,CA8,TPTE2P6,SLC22A3,WIPF3,MYO5B
UP00155_1_Hmx2_3424.3	1.0	1.0	1.0	718.0	0.0	0.0	0.14	0.0	C4BPA
MA0068.1.Pax4	1.0	1.0	0.0	719.0	0.0	0.0	0.0	0.0	
UP00041_1_Foxj1_primary	1.0	1.0	6.0	713.0	0.0	0.0	0.83	0.0	CDH13,MCC,FAM184B
UP00142_1_Uncx4.1_2281.2	1.0	1.0	0.0	719.0	0.0	0.0	0.0	0.0	
MA0141.1.Esrrb	1.0	1.0	1.0	718.0	0.0	0.0	0.14	0.0	DNAH5
MA0122.1.Nkx3-2	1.0	1.0	1.0	718.0	0.0	0.0	0.14	0.0	ADAMTS17
UP00003_1_E2F3_primary	1.0	1.0	1.0	718.0	0.0	0.0	0.14	0.0	AKAP1
UP00243_1_Isx_3445.1	1.0	1.0	0.0	719.0	0.0	0.0	0.0	0.0	
UP00035_1_Hic1_primary	1.0	1.0	1.0	718.0	0.0	0.0	0.14	0.0	IDH1
UP00160_1_Obox3_3439.1	1.0	1.0	0.0	719.0	0.0	0.0	0.0	0.0	
UP00147_1_Nkx2-6_3437.1	1.0	1.0	0.0	719.0	0.0	0.0	0.0	0.0	
UP00097_1_Mtf1_primary	1.0	1.0	3.0	716.0	0.0	0.0	0.42	0.0	
MA0032.1.FOXC1	1.0	1.0	3.0	716.0	0.0	0.0	0.42	0.0	GRIK3,CCDC149
UP00177_1_Hoxd12_3481.1	1.0	1.0	1.0	718.0	0.0	0.0	0.14	0.0	SLC26A3
UP00056_2_Rfx4_secondary	1.0	1.0	1.0	718.0	0.0	0.0	0.14	0.0	CUX2
UP00064_1_Sox18_primary	1.0	1.0	0.0	719.0	0.0	0.0	0.0	0.0	
UP00237_1_Otp_3496.1	1.0	1.0	0.0	719.0	0.0	0.0	0.0	0.0	
UP00029_1_Tbp_primary	1.0	1.0	0.0	719.0	0.0	0.0	0.0	0.0	
UP00166_1_Barhl1_2590.2	1.0	1.0	1.0	718.0	0.0	0.0	0.14	0.0	
UP00012_1_Bbx_primary	1.0	1.0	0.0	719.0	0.0	0.0	0.0	0.0	
UP00108_1_Alx3_3418.2	1.0	1.0	0.0	719.0	0.0	0.0	0.0	0.0	
UP00250_1_Irx5_2385.1	1.0	1.0	1.0	718.0	0.0	0.0	0.14	0.0	SLC16A7
UP00238_1_Nkx6-3_3446.1	1.0	1.0	0.0	719.0	0.0	0.0	0.0	0.0	
MA0073.1.RREB1	1.0	1.0	1.0	718.0	0.0	0.0	0.14	0.0	EFCAB4B
MA0037.1.GATA3	1.0	1.0	0.0	719.0	0.0	0.0	0.0	0.0	
MA0140.1.Tal1::Gata1	1.0	1.0	2.0	717.0	0.0	0.0	0.28	0.0	RYR3,LOC100130155
UP00211_1_Pou3f3_3235.2	1.0	1.0	1.0	718.0	0.0	0.0	0.14	0.0	ABCB11
UP00002_2_Sp4_secondary	1.0	1.0	1.0	718.0	0.0	0.0	0.14	0.0	RNF219-AS1
UP00040_1_Irf5_primary	1.0	1.0	1.0	718.0	0.0	0.0	0.14	0.0	LCLAT1
MA0070.1.PBX1	1.0	1.0	2.0	717.0	0.0	0.0	0.28	0.0	HSD3B1
UP00212_1_Lhx5_2279.1	1.0	1.0	0.0	719.0	0.0	0.0	0.0	0.0	
UP00030_2_Sox11_secondary	1.0	1.0	1.0	718.0	0.0	0.0	0.14	0.0	SGCZ
MA0077.1.SOX9	1.0	1.0	2.0	717.0	0.0	0.0	0.28	0.0	DMRT2,STOML3
UP00070_1_Gcm1_primary	1.0	1.0	0.0	719.0	0.0	0.0	0.0	0.0	
UP00102_1_Zic1_primary	1.0	1.0	4.0	715.0	0.0	0.0	0.56	0.0	SYBU,C6orf118,VPS41,ELAVL2,FAM183B
UP00200_2_Nkx6-1_2825.2	1.0	1.0	0.0	719.0	0.0	0.0	0.0	0.0	
UP00179_1_Pou2f3_3986.2	1.0	1.0	0.0	719.0	0.0	0.0	0.0	0.0	
UP00027_1_Osr1_primary	1.0	1.0	0.0	719.0	0.0	0.0	0.0	0.0	
MA0104.2.Mycn	1.0	1.0	3.0	716.0	0.0	0.0	0.42	0.0	ASIC2,ADAM23
UP00073_1_Foxa2_primary	1.0	1.0	2.0	717.0	0.0	0.0	0.28	0.0	FAM184B
UP00007_1_Egr1_primary	1.0	1.0	2.0	717.0	0.0	0.0	0.28	0.0	BTNL8,BTNL3,TARSL2
UP00007_2_Egr1_secondary	1.0	1.0	1.0	718.0	0.0	0.0	0.14	0.0	SNX10
UP00101_2_Sox12_secondary	1.0	1.0	4.0	715.0	0.0	0.0	0.56	0.0	RYR2,PDE4D,SGPP2
UP00105_1_Pou3f4_3773.1	1.0	1.0	0.0	719.0	0.0	0.0	0.0	0.0	
MA0132.1.Pdx1	1.0	1.0	0.0	719.0	0.0	0.0	0.0	0.0	
UP00252_1_Hoxc5_2630.2	1.0	1.0	0.0	719.0	0.0	0.0	0.0	0.0	
UP00020_1_Atf1_primary	1.0	1.0	0.0	719.0	0.0	0.0	0.0	0.0	
UP00171_1_Msx3_3206.1	1.0	1.0	0.0	719.0	0.0	0.0	0.0	0.0	
UP00049_2_Sp100_secondary	1.0	1.0	0.0	719.0	0.0	0.0	0.0	0.0	
MA0018.1.CREB1	1.0	1.0	2.0	717.0	0.0	0.0	0.28	0.0	ERBB4
UP00010_1_Tcfap2b_primary	1.0	1.0	1.0	718.0	0.0	0.0	0.14	0.0	CHST1
MA0079.2.SP1	1.0	1.0	7.0	712.0	0.0	0.0	0.97	0.0	EBLN1,VPS41,FAM183B,VIPR1,IQCJ,LOC100130992,BCL2
UP00069_1_Sox1_primary	1.0	1.0	1.0	718.0	0.0	0.0	0.14	0.0	
MA0108.1.TBP	1.0	1.0	0.0	719.0	0.0	0.0	0.0	0.0	
UP00054_1_Tcf7_primary	1.0	1.0	0.0	719.0	0.0	0.0	0.0	0.0	
UP00170_1_Isl2_3430.1	1.0	1.0	1.0	718.0	0.0	0.0	0.14	0.0	SLC35F4
UP00059_2_Arid5a_secondary	1.0	1.0	1.0	718.0	0.0	0.0	0.14	0.0	MIR4300
UP00075_2_Sox15_secondary	1.0	1.0	0.0	719.0	0.0	0.0	0.0	0.0	
MA0149.1.EWSR1-FLI1	1.0	1.0	0.0	719.0	0.0	0.0	0.0	0.0	
UP00261_1_Lhx4_1719.2	1.0	1.0	0.0	719.0	0.0	0.0	0.0	0.0	
UP00258_1_Tgif2_3451.1	1.0	1.0	1.0	718.0	0.0	0.0	0.14	0.0	CCDC140
UP00192_1_Six1_0935.2	1.0	1.0	0.0	719.0	0.0	0.0	0.0	0.0	
UP00062_1_Sox4_primary	1.0	1.0	2.0	717.0	0.0	0.0	0.28	0.0	STOML3,PMFBP1
UP00103_1_Jundm2_primary	1.0	1.0	1.0	718.0	0.0	0.0	0.14	0.0	SPON1
UP00034_2_Sox7_secondary	1.0	1.0	0.0	719.0	0.0	0.0	0.0	0.0	
UP00164_2_Hoxa7_3750.1	1.0	1.0	0.0	719.0	0.0	0.0	0.0	0.0	
MA0100.1.Myb	1.0	1.0	2.0	717.0	0.0	0.0	0.28	0.0	ASTN1,FAM49A
UP00185_1_Pbx1_3203.1	1.0	1.0	2.0	717.0	0.0	0.0	0.28	0.0	CASC2,HSD3B1
UP00223_1_Irx3_0920.1	1.0	1.0	0.0	719.0	0.0	0.0	0.0	0.0	
UP00057_2_Zic2_secondary	1.0	1.0	2.0	717.0	0.0	0.0	0.28	0.0	SGSM1
UP00071_2_Sox21_secondary	1.0	1.0	0.0	719.0	0.0	0.0	0.0	0.0	
UP00054_2_Tcf7_secondary	1.0	1.0	0.0	719.0	0.0	0.0	0.0	0.0	
MA0104.1.Mycn	1.0	1.0	35.0	684.0	0.0	0.0	4.87	0.0	CLDN10,LOC100505676,CDH13,CHN2,LOC100130155,MIR4300,PTGER3,CPPED1,CLDN10-AS1,DAW1,THRB,PPAPDC1A,SUPT3H,EN1,DAPK1,MTR,LOC643201,ABCB11,ADAM23,CACNA2D3,ASIC2,ARMC3,MIR548H2,MCC,SPHKAP
UP00197_1_Hoxc9_2367.2	1.0	1.0	1.0	718.0	0.0	0.0	0.14	0.0	PAX1
MA0113.1.NR3C1	1.0	1.0	0.0	719.0	0.0	0.0	0.0	0.0	
UP00164_1_Hoxa7_2668.2	1.0	1.0	0.0	719.0	0.0	0.0	0.0	0.0	
UP00246_1_Hoxa11_2218.1	1.0	1.0	0.0	719.0	0.0	0.0	0.0	0.0	
UP00068_2_Eomes_secondary	1.0	1.0	1.0	718.0	0.0	0.0	0.14	0.0	
MA0046.1.HNF1A	1.0	1.0	2.0	717.0	0.0	0.0	0.28	0.0	NAV2,PAX1
UP00184_1_Lhx8_2247.2	1.0	1.0	0.0	719.0	0.0	0.0	0.0	0.0	
UP00123_1_Hlxb9_3422.1	1.0	1.0	0.0	719.0	0.0	0.0	0.0	0.0	
UP00191_1_Pou2f2_3748.1	1.0	1.0	0.0	719.0	0.0	0.0	0.0	0.0	
MA0040.1.Foxq1	1.0	1.0	3.0	716.0	0.0	0.0	0.42	0.0	PAX1,FAM184B
MA0109.1.Hltf	1.0	1.0	0.0	719.0	0.0	0.0	0.0	0.0	
MA0027.1.En1	1.0	1.0	1.0	718.0	0.0	0.0	0.14	0.0	OR2D3
UP00195_1_Six3_1732.2	1.0	1.0	0.0	719.0	0.0	0.0	0.0	0.0	
MA0136.1.ELF5	1.0	1.0	1.0	718.0	0.0	0.0	0.14	0.0	PAX9
MA0004.1.Arnt	1.0	1.0	35.0	684.0	0.0	0.0	4.87	0.0	CLDN10,LOC100505676,CDH13,CHN2,LOC100130155,MIR4300,PTGER3,CPPED1,CLDN10-AS1,DAW1,THRB,PPAPDC1A,SUPT3H,EN1,DAPK1,MTR,LOC643201,ABCB11,ADAM23,CACNA2D3,ASIC2,ARMC3,MIR548H2,MCC,SPHKAP
UP00209_1_Cart1_0997.1	1.0	1.0	0.0	719.0	0.0	0.0	0.0	0.0	
UP00027_2_Osr1_secondary	1.0	1.0	1.0	718.0	0.0	0.0	0.14	0.0	MECOM
UP00098_1_Rfx3_primary	1.0	1.0	0.0	719.0	0.0	0.0	0.0	0.0	
UP00094_2_Zfp128_secondary	1.0	1.0	1.0	718.0	0.0	0.0	0.14	0.0	
UP00130_1_Lhx3_3431.1	1.0	1.0	0.0	719.0	0.0	0.0	0.0	0.0	
UP00120_1_Lbx2_3869.2	1.0	1.0	0.0	719.0	0.0	0.0	0.0	0.0	
UP00000_1_Smad3_primary	1.0	1.0	3.0	716.0	0.0	0.0	0.42	0.0	GPAM,SP5,PTGER3
MA0144.1.Stat3	1.0	1.0	6.0	713.0	0.0	0.0	0.83	0.0	MSRA,SALL1
MA0115.1.NR1H2::RXRA	1.0	1.0	1.0	718.0	0.0	0.0	0.14	0.0	OR2D3
MA0039.1.Klf4	1.0	1.0	3.0	716.0	0.0	0.0	0.42	0.0	CDH13,DGKG
MA0090.1.TEAD1	1.0	1.0	1.0	718.0	0.0	0.0	0.14	0.0	
UP00115_1_Lhx2_0953.2	1.0	1.0	0.0	719.0	0.0	0.0	0.0	0.0	
MA0099.1.Fos	1.0	1.0	3.0	716.0	0.0	0.0	0.42	0.0	C7orf72
UP00066_2_Hnf4a_secondary	1.0	1.0	0.0	719.0	0.0	0.0	0.0	0.0	
MA0038.1.Gfi	1.0	1.0	4.0	715.0	0.0	0.0	0.56	0.0	FAT3,CACNA2D3,SORBS2
MA0117.1.Mafb	1.0	1.0	0.0	719.0	0.0	0.0	0.0	0.0	
UP00205_1_Pknox2_3077.2	1.0	1.0	1.0	718.0	0.0	0.0	0.14	0.0	CCDC140
UP00125_1_Pitx2_2274.3	1.0	1.0	0.0	719.0	0.0	0.0	0.0	0.0	
UP00036_1_Myf6_primary	1.0	1.0	0.0	719.0	0.0	0.0	0.0	0.0	
UP00103_2_Jundm2_secondary	1.0	1.0	1.0	718.0	0.0	0.0	0.14	0.0	
UP00046_2_Tcfe2a_secondary	1.0	1.0	0.0	719.0	0.0	0.0	0.0	0.0	
UP00045_2_Mafb_secondary	1.0	1.0	0.0	719.0	0.0	0.0	0.0	0.0	
UP00037_1_Zfp105_primary	1.0	1.0	0.0	719.0	0.0	0.0	0.0	0.0	
MA0028.1.ELK1	1.0	1.0	3.0	716.0	0.0	0.0	0.42	0.0	CA8,DGKG,IPO11-LRRC70
UP00092_2_Myb_secondary	1.0	1.0	0.0	719.0	0.0	0.0	0.0	0.0	
UP00233_1_Meox1_2310.2	1.0	1.0	0.0	719.0	0.0	0.0	0.0	0.0	
UP00209_2_Cart1_1275.1	1.0	1.0	0.0	719.0	0.0	0.0	0.0	0.0	
MA0063.1.Nkx2-5	1.0	1.0	0.0	719.0	0.0	0.0	0.0	0.0	
UP00071_1_Sox21_primary	1.0	1.0	1.0	718.0	0.0	0.0	0.14	0.0	
MA0035.1.Gata1	1.0	1.0	0.0	719.0	0.0	0.0	0.0	0.0	
UP00188_1_Lmx1a_2238.2	1.0	1.0	0.0	719.0	0.0	0.0	0.0	0.0	
IRF8_ISRE_KANNO	1.0	1.0	4.0	715.0	0.0	0.0	0.56	0.0	LCLAT1,EIF3M,ZNF804B
UP00078_1_Arid3a_primary	1.0	1.0	0.0	719.0	0.0	0.0	0.0	0.0	
UP00223_2_Irx3_2226.1	1.0	1.0	0.0	719.0	0.0	0.0	0.0	0.0	
UP00234_1_Msx1_3031.2	1.0	1.0	0.0	719.0	0.0	0.0	0.0	0.0	
MA0133.1.BRCA1	1.0	1.0	0.0	719.0	0.0	0.0	0.0	0.0	
MA0056.1.MZF1_1-4	1.0	1.0	27.0	692.0	0.0	0.0	3.76	0.0	RCAN2,TENM2,TPK1,SMAP1,VPS41,SNX10,TFAP2B,HOXC-AS5,OTP,VIPR1,ZNF767,SIPA1L2,CES1,BTNL8,CHST1,BTNL3,PBX1,ST8SIA5,GRIK3,FAM183B,SYBU,SLC35D3,BCL2,NHEG1,SOX2-OT
MA0080.1.SPI1	1.0	1.0	0.0	719.0	0.0	0.0	0.0	0.0	
MA0099.2.AP1	1.0	1.0	0.0	719.0	0.0	0.0	0.0	0.0	
UP00060_2_Max_secondary	1.0	1.0	0.0	719.0	0.0	0.0	0.0	0.0	
MA0066.1.PPARG	1.0	1.0	0.0	719.0	0.0	0.0	0.0	0.0	
MA0164.1.Nr2e3	1.0	1.0	1.0	718.0	0.0	0.0	0.14	0.0	
MA0036.1.GATA2	1.0	1.0	45.0	674.0	0.0	0.0	6.26	0.0	PCSK2,PLCG2,LOC100130155,DSC1,TXNDC5,SEMA6A,RYR3,FLJ13197,SDR42E1,INADL,NAALAD2,C5orf49,TBX18,CRYBB2P1,EYA1,LOC727677,TSHZ2,MIR548X,LSM6,FAM84B,LOC100505545,RBP1,RPH3A,PAX1,CA10,CA8,ADCY2,G2E3,GRIK3,MCC,RNF219-AS1,ANK3,HSD3B1,COLEC10
UP00034_1_Sox7_primary	1.0	1.0	0.0	719.0	0.0	0.0	0.0	0.0	
UP00001_2_E2F2_secondary	1.0	1.0	0.0	719.0	0.0	0.0	0.0	0.0	
UP00162_1_Evx1_3952.2	1.0	1.0	1.0	718.0	0.0	0.0	0.14	0.0	PHLPP1
UP00203_1_Pknox1_2364.2	1.0	1.0	1.0	718.0	0.0	0.0	0.14	0.0	CCDC140
UP00174_1_Hoxa2_3079.1	1.0	1.0	1.0	718.0	0.0	0.0	0.14	0.0	PHLPP1
UP00127_1_Gsh2_3990.2	1.0	1.0	1.0	718.0	0.0	0.0	0.14	0.0	PHLPP1
MA0065.2.PPARG::RXRA	1.0	1.0	0.0	719.0	0.0	0.0	0.0	0.0	
UP00241_1_Hoxd3_1742.2	1.0	1.0	1.0	718.0	0.0	0.0	0.14	0.0	PHLPP1
MA0151.1.ARID3A	1.0	1.0	10.0	709.0	0.0	0.0	1.39	0.0	DLX6-AS1,CHORDC1,ABCB11,PHACTR1,MIR3910-2
UP00251_1_Esx1_3124.2	1.0	1.0	0.0	719.0	0.0	0.0	0.0	0.0	
klf4_homer	1.0	1.0	2.0	717.0	0.0	0.0	0.28	0.0	EBLN1,BCL2,LOC100130992
MA0002.2.RUNX1	1.0	1.0	4.0	715.0	0.0	0.0	0.56	0.0	LRP2,LINC00639,OSBPL6,COL19A1,DHRS9
MA0105.1.NFKB1	1.0	1.0	2.0	717.0	0.0	0.0	0.28	0.0	BTNL8,BTNL3
UP00089_2_Tcf1_secondary	1.0	1.0	0.0	719.0	0.0	0.0	0.0	0.0	
UP00089_1_Tcf1_primary	1.0	1.0	0.0	719.0	0.0	0.0	0.0	0.0	
MA0059.1.MYC::MAX	1.0	1.0	2.0	717.0	0.0	0.0	0.28	0.0	MTR,ASIC2
UP00208_1_Obox5_2284.1	1.0	1.0	0.0	719.0	0.0	0.0	0.0	0.0	
MA0101.1.REL	1.0	1.0	0.0	719.0	0.0	0.0	0.0	0.0	
MA0131.1.MIZF	1.0	1.0	0.0	719.0	0.0	0.0	0.0	0.0	
UP00222_1_Tcf2_0913.2	1.0	1.0	0.0	719.0	0.0	0.0	0.0	0.0	
UP00048_1_Rara_primary	1.0	1.0	0.0	719.0	0.0	0.0	0.0	0.0	
UP00111_1_Dmbx1_2277.1	1.0	1.0	0.0	719.0	0.0	0.0	0.0	0.0	
UP00407_2_Elf3_secondary	1.0	1.0	1.0	718.0	0.0	0.0	0.14	0.0	CADPS2,FEZF1-AS1
MA0162.1.Egr1	1.0	1.0	4.0	715.0	0.0	0.0	0.56	0.0	IQCJ,CPPED1
MA0259.1.HIF1A::ARNT	1.0	1.0	0.0	719.0	0.0	0.0	0.0	0.0	
UP00069_2_Sox1_secondary	1.0	1.0	1.0	718.0	0.0	0.0	0.14	0.0	CACNA2D3
UP00256_2_Lhx6_3432.1	1.0	1.0	0.0	719.0	0.0	0.0	0.0	0.0	
UP00068_1_Eomes_primary	1.0	1.0	0.0	719.0	0.0	0.0	0.0	0.0	
UP00055_1_Hbp1_primary	1.0	1.0	0.0	719.0	0.0	0.0	0.0	0.0	
MA0258.1.ESR2	1.0	1.0	0.0	719.0	0.0	0.0	0.0	0.0	
MA0159.1.RXR::RAR_DR5	1.0	1.0	0.0	719.0	0.0	0.0	0.0	0.0	
MA0087.1.Sox5	1.0	1.0	0.0	719.0	0.0	0.0	0.0	0.0	
UP00073_2_Foxa2_secondary	1.0	1.0	2.0	717.0	0.0	0.0	0.28	0.0	DLX5
UP00088_1_Plagl1_primary	1.0	1.0	0.0	719.0	0.0	0.0	0.0	0.0	
MA0160.1.NR4A2	1.0	1.0	4.0	715.0	0.0	0.0	0.56	0.0	SUPT3H,APLNR,LRRC55,LOC100131551
MA0014.1.Pax5	1.0	1.0	2.0	717.0	0.0	0.0	0.28	0.0	NFIA,THRB
UP00039_2_Foxj3_secondary	1.0	1.0	0.0	719.0	0.0	0.0	0.0	0.0	
UP00028_1_Tcfap2e_primary	1.0	1.0	3.0	716.0	0.0	0.0	0.42	0.0	DLX6,DLX6-AS1,RNFT2
UP00219_2_Cutl1_3494.2	1.0	1.0	0.0	719.0	0.0	0.0	0.0	0.0	
MA0051.1.IRF2	1.0	1.0	0.0	719.0	0.0	0.0	0.0	0.0	
UP00259_1_Hoxb6_3428.2	1.0	1.0	0.0	719.0	0.0	0.0	0.0	0.0	
UP00407_1_Elf3_primary	1.0	1.0	4.0	715.0	0.0	0.0	0.56	0.0	MYO5B,IPO11-LRRC70,PAX9
UP00214_1_Hoxb5_3122.2	1.0	1.0	1.0	718.0	0.0	0.0	0.14	0.0	PHLPP1
MA0084.1.SRY	1.0	1.0	2.0	717.0	0.0	0.0	0.28	0.0	STOML3
UP00173_1_Hoxc13_3127.1	1.0	1.0	0.0	719.0	0.0	0.0	0.0	0.0	
UP00085_1_Sfpi1_primary	1.0	1.0	2.0	717.0	0.0	0.0	0.28	0.0	MYO5B,SLC10A7
UP00193_2_Rhox11_2205.1	1.0	1.0	0.0	719.0	0.0	0.0	0.0	0.0	
UP00044_2_Mafk_secondary	1.0	1.0	1.0	718.0	0.0	0.0	0.14	0.0	CADPS2,FEZF1-AS1
UP00121_1_Hoxd10_2368.2	1.0	1.0	0.0	719.0	0.0	0.0	0.0	0.0	
UP00061_2_Foxl1_secondary	1.0	1.0	0.0	719.0	0.0	0.0	0.0	0.0	
UP00052_2_Osr2_secondary	1.0	1.0	0.0	719.0	0.0	0.0	0.0	0.0	
UP00112_1_Gsc_2327.3	1.0	1.0	0.0	719.0	0.0	0.0	0.0	0.0	
MA0048.1.NHLH1	1.0	1.0	1.0	718.0	0.0	0.0	0.14	0.0	
UP00187_1_Alx4_1744.1	1.0	1.0	0.0	719.0	0.0	0.0	0.0	0.0	
UP00008_2_Six6_secondary	1.0	1.0	0.0	719.0	0.0	0.0	0.0	0.0	
UP00194_1_Irx4_2242.3	1.0	1.0	1.0	718.0	0.0	0.0	0.14	0.0	SLC16A7
UP00029_2_Tbp_secondary	1.0	1.0	1.0	718.0	0.0	0.0	0.14	0.0	CDH11
UP00079_2_Esrra_secondary	1.0	1.0	0.0	719.0	0.0	0.0	0.0	0.0	
UP00145_1_Barhl2_3868.1	1.0	1.0	2.0	717.0	0.0	0.0	0.28	0.0	SLC35F4
UP00152_1_Arx_1738.2	1.0	1.0	1.0	718.0	0.0	0.0	0.14	0.0	PHLPP1
UP00011_2_Irf6_secondary	1.0	1.0	1.0	718.0	0.0	0.0	0.14	0.0	SPATA13
MA0058.1.MAX	1.0	1.0	2.0	717.0	0.0	0.0	0.28	0.0	ASIC2,SUPT3H
UP00072_1_IRC900814_primary	1.0	1.0	1.0	718.0	0.0	0.0	0.14	0.0	CA10
UP00095_2_Zfp691_secondary	1.0	1.0	1.0	718.0	0.0	0.0	0.14	0.0	
MA0075.1.Prrx2	1.0	1.0	53.0	666.0	0.0	0.0	7.37	0.0	CDH13,FHIT,LOC100505676,FONG,KCNA6,DLX6-AS1,DAW1,SNX10,TFAP2B,LOC375295,NAV2,C5orf49,MYT1L,LINC00461,SGCZ,C20orf85,HTR4,PAX1,KRTAP13-2,OPA1,GABRB2,PHLPP1,SLC35F4,SEMA3E,GRIK1,ST8SIA5,ASNS,SLC16A7,SPHKAP,NTM,KRTAP23-1,PDE4D,C1orf141
E2A-Homer	1.0	1.0	4.0	715.0	0.0	0.0	0.56	0.0	CDH13,LRRC55,APLNR,ICA1
MA0442.1.SOX10	1.0	1.0	0.0	719.0	0.0	0.0	0.0	0.0	
MA0003.1.TFAP2A	1.0	1.0	2.0	717.0	0.0	0.0	0.28	0.0	CHST1,RNFT2
UP00050_1_Bhlhb2_primary	1.0	1.0	0.0	719.0	0.0	0.0	0.0	0.0	
MA0108.2.TBP	1.0	1.0	0.0	719.0	0.0	0.0	0.0	0.0	
UP00161_1_Hmbox1_2674.1	1.0	1.0	1.0	718.0	0.0	0.0	0.14	0.0	C4BPA
UP00114_1_Homez_1063.2	1.0	1.0	2.0	717.0	0.0	0.0	0.28	0.0	TMEM150C,CHORDC1
UP00200_1_Nkx6-1_2825.1	1.0	1.0	1.0	718.0	0.0	0.0	0.14	0.0	NAV2
UP00020_2_Atf1_secondary	1.0	1.0	2.0	717.0	0.0	0.0	0.28	0.0	
UP00077_2_Srf_secondary	1.0	1.0	1.0	718.0	0.0	0.0	0.14	0.0	CADPS2,FEZF1-AS1
UP00132_1_Evx2_2645.3	1.0	1.0	0.0	719.0	0.0	0.0	0.0	0.0	
UP00101_1_Sox12_primary	1.0	1.0	1.0	718.0	0.0	0.0	0.14	0.0	STOML3
UP00186_1_Meis1_2335.1	1.0	1.0	1.0	718.0	0.0	0.0	0.14	0.0	CCDC140
MA0106.1.TP53	1.0	1.0	0.0	719.0	0.0	0.0	0.0	0.0	
UP00008_4	1.0	1.0	0.0	719.0	0.0	0.0	0.0	0.0	
MA0138.2.REST	1.0	1.0	0.0	719.0	0.0	0.0	0.0	0.0	
MA0039.2.Klf4	1.0	1.0	4.0	715.0	0.0	0.0	0.56	0.0	EBLN1,LOC100130992,BCL2
UP00263_1_Hoxb8_3780.2	1.0	1.0	1.0	718.0	0.0	0.0	0.14	0.0	NAV2
UP00176_1_Crx_3485.1	1.0	1.0	0.0	719.0	0.0	0.0	0.0	0.0	
UP00058_2_Tcf3_secondary	1.0	1.0	2.0	717.0	0.0	0.0	0.28	0.0	HPSE2,CADPS2,FEZF1-AS1
UP00218_1_Dbx2_3487.1	1.0	1.0	0.0	719.0	0.0	0.0	0.0	0.0	
UP00004_2_Sox14_secondary	1.0	1.0	3.0	716.0	0.0	0.0	0.42	0.0	PLCG2,SDR42E1
MA0153.1.HNF1B	1.0	1.0	1.0	718.0	0.0	0.0	0.14	0.0	LOC100505676
UP00190_1_Nkx2-3_3435.1	1.0	1.0	1.0	718.0	0.0	0.0	0.14	0.0	PHACTR1
UP00046_1_Tcfe2a_primary	1.0	1.0	4.0	715.0	0.0	0.0	0.56	0.0	DPYS,CLDN10,DCSTAMP,CLDN10-AS1
UP00033_2_Zfp410_secondary	1.0	1.0	2.0	717.0	0.0	0.0	0.28	0.0	C3orf80,BCL2
UP00091_2_Sox5_secondary	1.0	1.0	0.0	719.0	0.0	0.0	0.0	0.0	
UP00122_1_Tgif1_2342.2	1.0	1.0	2.0	717.0	0.0	0.0	0.28	0.0	MIR548N,IL9
MA0006.1.Arnt::Ahr	1.0	1.0	31.0	688.0	0.0	0.0	4.31	0.0	CES1,CDH13,AKAP1,HOXC-AS5,UNC79,LOC339862,ZW10,TMPRSS5,NDNF,ERICH1-AS1,EN1,HTR4,GC,E2F8,CSRP3,AACSP1,DLEU7,LIMCH1
UP00391_2_Hoxa3_secondary	1.0	1.0	1.0	718.0	0.0	0.0	0.14	0.0	SLC35F4
UP00050_2_Bhlhb2_secondary	1.0	1.0	0.0	719.0	0.0	0.0	0.0	0.0	
MA0074.1.RXRA::VDR	1.0	1.0	1.0	718.0	0.0	0.0	0.14	0.0	ASNS
UP00215_1_Vax1_3499.1	1.0	1.0	1.0	718.0	0.0	0.0	0.14	0.0	PHLPP1
UP00213_1_Hoxa9_2622.2	1.0	1.0	0.0	719.0	0.0	0.0	0.0	0.0	
UP00146_2_Pou6f1_3733.1	1.0	1.0	0.0	719.0	0.0	0.0	0.0	0.0	
UP00066_1_Hnf4a_primary	1.0	1.0	0.0	719.0	0.0	0.0	0.0	0.0	
MA0033.1.FOXL1	1.0	1.0	4.0	715.0	0.0	0.0	0.56	0.0	PAH,LINC00485,CRISPLD1,CDH13
MA0009.1.T	1.0	1.0	2.0	717.0	0.0	0.0	0.28	0.0	KIF16B,LOC286094
UP00036_2_Myf6_secondary	1.0	1.0	0.0	719.0	0.0	0.0	0.0	0.0	
UP00135_1_Hoxc12_3480.1	1.0	1.0	0.0	719.0	0.0	0.0	0.0	0.0	
UP00204_1_Gbx1_2883.2	1.0	1.0	0.0	719.0	0.0	0.0	0.0	0.0	
UP00144_1_Hoxb4_2627.1	1.0	1.0	0.0	719.0	0.0	0.0	0.0	0.0	
UP00006_2_Zic3_secondary	1.0	1.0	2.0	717.0	0.0	0.0	0.28	0.0	SGSM1
UP00129_1_Pou3f1_3819.1	1.0	1.0	0.0	719.0	0.0	0.0	0.0	0.0	
UP00085_2_Sfpi1_secondary	1.0	1.0	2.0	717.0	0.0	0.0	0.28	0.0	KCNA6,TRUB1
MA0025.1.NFIL3	1.0	1.0	1.0	718.0	0.0	0.0	0.14	0.0	PDE4D
UP00072_2_IRC900814_secondary	1.0	1.0	1.0	718.0	0.0	0.0	0.14	0.0	
UP00140_1_Hoxd1_3448.1	1.0	1.0	0.0	719.0	0.0	0.0	0.0	0.0	
UP00150_1_Irx6_2623.2	1.0	1.0	0.0	719.0	0.0	0.0	0.0	0.0	
UP00095_1_Zfp691_primary	1.0	1.0	1.0	718.0	0.0	0.0	0.14	0.0	
UP00053_2_Rxra_secondary	1.0	1.0	1.0	718.0	0.0	0.0	0.14	0.0	PDE11A
UP00119_1_Nkx2-9_3082.1	1.0	1.0	0.0	719.0	0.0	0.0	0.0	0.0	
UP00255_1_Dbx1_3486.1	1.0	1.0	0.0	719.0	0.0	0.0	0.0	0.0	
MA0035.2.Gata1	1.0	1.0	1.0	718.0	0.0	0.0	0.14	0.0	RYR3
UP00133_1_Cdx2_4272.1	1.0	1.0	1.0	718.0	0.0	0.0	0.14	0.0	PAX1
UP00141_1_Vsx1_1728.1	1.0	1.0	0.0	719.0	0.0	0.0	0.0	0.0	
UP00094_1_Zfp128_primary	1.0	1.0	0.0	719.0	0.0	0.0	0.0	0.0	
UP00180_1_Hoxd13_2356.1	1.0	1.0	0.0	719.0	0.0	0.0	0.0	0.0	
UP00051_2_Sox8_secondary	1.0	1.0	1.0	718.0	0.0	0.0	0.14	0.0	SPHKAP,DAW1
Ash2l_hand	1.0	1.0	4.0	715.0	0.0	0.0	0.56	0.0	NUAK1,ATP10B,DLG2
MA0052.1.MEF2A	1.0	1.0	2.0	717.0	0.0	0.0	0.28	0.0	TFAP2B
MA0157.1.FOXO3	1.0	1.0	3.0	716.0	0.0	0.0	0.42	0.0	LOC100130155,ANO2
MA0116.1.Zfp423	1.0	1.0	0.0	719.0	0.0	0.0	0.0	0.0	
MA0119.1.TLX1::NFIC	1.0	1.0	3.0	716.0	0.0	0.0	0.42	0.0	CHN2,SLC14A2
MA0154.1.EBF1	1.0	1.0	4.0	715.0	0.0	0.0	0.56	0.0	BCL2,C6orf52,KCNMA1,RIMS2,GCNT2
UP00021_2_Zfp281_secondary	1.0	1.0	2.0	717.0	0.0	0.0	0.28	0.0	ZFAND4,ZMAT4,MARCH8
MA0146.1.Zfx	1.0	1.0	2.0	717.0	0.0	0.0	0.28	0.0	SMUG1,LOC400043,C14orf23
UP00199_1_Six4_2860.1	1.0	1.0	1.0	718.0	0.0	0.0	0.14	0.0	PIEZO2
IRF8_AICS	1.0	1.0	1.0	718.0	0.0	0.0	0.14	0.0	
UP00022_2_Zfp740_secondary	1.0	1.0	0.0	719.0	0.0	0.0	0.0	0.0	
MA0112.1.ESR1	1.0	1.0	1.0	718.0	0.0	0.0	0.14	0.0	ST8SIA5
MA0158.1.HOXA5	1.0	1.0	2.0	717.0	0.0	0.0	0.28	0.0	CDH13,C1orf141
UP00044_1_Mafk_primary	1.0	1.0	2.0	717.0	0.0	0.0	0.28	0.0	
UP00202_1_Dlx1_1741.2	1.0	1.0	0.0	719.0	0.0	0.0	0.0	0.0	
MA0137.2.STAT1	1.0	1.0	1.0	718.0	0.0	0.0	0.14	0.0	SALL1
UP00065_1_Zfp161_primary	1.0	1.0	2.0	717.0	0.0	0.0	0.28	0.0	HOXC-AS5
UP00219_1_Cutl1_3494.1	1.0	1.0	1.0	718.0	0.0	0.0	0.14	0.0	ANK3
UP00086_2_Irf3_secondary	1.0	1.0	1.0	718.0	0.0	0.0	0.14	0.0	
UP00059_1_Arid5a_primary	1.0	1.0	4.0	715.0	0.0	0.0	0.56	0.0	TFAP2B,SLC16A7,LOC375295
UP00005_1_Tcfap2a_primary	1.0	1.0	1.0	718.0	0.0	0.0	0.14	0.0	
UP00239_1_Obox2_3438.2	1.0	1.0	0.0	719.0	0.0	0.0	0.0	0.0	
MA0017.1.NR2F1	1.0	1.0	0.0	719.0	0.0	0.0	0.0	0.0	
UP00247_1_Pax4_3989.2	1.0	1.0	0.0	719.0	0.0	0.0	0.0	0.0	
UP00146_1_Pou6f1_1731.2	1.0	1.0	0.0	719.0	0.0	0.0	0.0	0.0	
UP00231_1_Nkx2-2_2823.1	1.0	1.0	1.0	718.0	0.0	0.0	0.14	0.0	EN1
UP00266_1_Prrx1_3442.1	1.0	1.0	0.0	719.0	0.0	0.0	0.0	0.0	
UP00151_1_Barx2_3447.2	1.0	1.0	0.0	719.0	0.0	0.0	0.0	0.0	
UP00236_1_Irx2_0900.3	1.0	1.0	0.0	719.0	0.0	0.0	0.0	0.0	
UP00026_1_Zscan4_primary	1.0	1.0	2.0	717.0	0.0	0.0	0.28	0.0	DAPK1
UP00093_2_Klf7_secondary	1.0	1.0	0.0	719.0	0.0	0.0	0.0	0.0	
MA0091.1.TAL1::TCF3	1.0	1.0	2.0	717.0	0.0	0.0	0.28	0.0	NDNF
UP00083_2_Tcf7l2_secondary	1.0	1.0	0.0	719.0	0.0	0.0	0.0	0.0	
UP00003_2_E2F3_secondary	1.0	1.0	0.0	719.0	0.0	0.0	0.0	0.0	
UP00011_1_Irf6_primary	1.0	1.0	0.0	719.0	0.0	0.0	0.0	0.0	
MA0079.1.SP1	1.0	1.0	5.0	714.0	0.0	0.0	0.7	0.0	PIEZO2,LOC100130992,EBLN1,ARMC3,TMEM132C
UP00126_1_Dlx2_2273.2	1.0	1.0	1.0	718.0	0.0	0.0	0.14	0.0	NAV2
UP00010_2_Tcfap2b_secondary	1.0	1.0	1.0	718.0	0.0	0.0	0.14	0.0	DLX6,DLX6-AS1
UP00076_2_Rfxdc2_secondary	1.0	1.0	0.0	719.0	0.0	0.0	0.0	0.0	
UP00156_1_Msx2_3449.1	1.0	1.0	1.0	718.0	0.0	0.0	0.14	0.0	NAV2
UP00084_2_Gmeb1_secondary	1.0	1.0	1.0	718.0	0.0	0.0	0.14	0.0	
UP00014_2_Sox17_secondary	1.0	1.0	1.0	718.0	0.0	0.0	0.14	0.0	PAH,LINC00485
UP00062_2_Sox4_secondary	1.0	1.0	1.0	718.0	0.0	0.0	0.14	0.0	
UP00043_1_Bcl6b_primary	1.0	1.0	3.0	716.0	0.0	0.0	0.42	0.0	KCNA6,TRUB1,FHIT
UP00224_1_Pax6_3838.3	1.0	1.0	0.0	719.0	0.0	0.0	0.0	0.0	
UP00055_2_Hbp1_secondary	1.0	1.0	1.0	718.0	0.0	0.0	0.14	0.0	
MA0069.1.Pax6	1.0	1.0	0.0	719.0	0.0	0.0	0.0	0.0	
MA0080.2.SPI1	1.0	1.0	11.0	708.0	0.0	0.0	1.53	0.0	EIF4E3,FAM163A,RCAN2,MCHR2,PPAPDC1A,TPTE2P6,MYO5B,ATP12A,PAX9
UP00045_1_Mafb_primary	1.0	1.0	1.0	718.0	0.0	0.0	0.14	0.0	
UP00098_2_Rfx3_secondary	1.0	1.0	0.0	719.0	0.0	0.0	0.0	0.0	
UP00262_1_Lhx1_2240.2	1.0	1.0	0.0	719.0	0.0	0.0	0.0	0.0	
UP00217_1_Hoxa10_2318.1	1.0	1.0	2.0	717.0	0.0	0.0	0.28	0.0	PAX1,THEG5
UP00024_2_Glis2_secondary	1.0	1.0	0.0	719.0	0.0	0.0	0.0	0.0	
MA0155.1.INSM1	1.0	1.0	1.0	718.0	0.0	0.0	0.14	0.0	ZNF746
UP00070_2_Gcm1_secondary	1.0	1.0	0.0	719.0	0.0	0.0	0.0	0.0	
UP00002_1_Sp4_primary	1.0	1.0	3.0	716.0	0.0	0.0	0.42	0.0	IQCJ,BTNL3,BCL2,BTNL8
MA0071.1.RORA_1	1.0	1.0	0.0	719.0	0.0	0.0	0.0	0.0	
MA0007.1.Ar	1.0	1.0	0.0	719.0	0.0	0.0	0.0	0.0	
UP00023_2_Sox30_secondary	1.0	1.0	0.0	719.0	0.0	0.0	0.0	0.0	
UP00165_1_Titf1_1722.2	1.0	1.0	0.0	719.0	0.0	0.0	0.0	0.0	
UP00096_2_Sox13_secondary	1.0	1.0	0.0	719.0	0.0	0.0	0.0	0.0	
UP00009_1_Nr2f2_primary	1.0	1.0	0.0	719.0	0.0	0.0	0.0	0.0	
UP00264_1_Hoxa1_3425.1	1.0	1.0	1.0	718.0	0.0	0.0	0.14	0.0	PHLPP1
UP00009_2_Nr2f2_secondary	1.0	1.0	0.0	719.0	0.0	0.0	0.0	0.0	
UP00178_1_Og2x_3719.1	1.0	1.0	0.0	719.0	0.0	0.0	0.0	0.0	
MA0093.1.USF1	1.0	1.0	0.0	719.0	0.0	0.0	0.0	0.0	
UP00058_1_Tcf3_primary	1.0	1.0	0.0	719.0	0.0	0.0	0.0	0.0	
UP00076_1_Rfxdc2_primary	1.0	1.0	1.0	718.0	0.0	0.0	0.14	0.0	
MA0114.1.HNF4A	1.0	1.0	0.0	719.0	0.0	0.0	0.0	0.0	
UP00021_1_Zfp281_primary	1.0	1.0	2.0	717.0	0.0	0.0	0.28	0.0	EBLN1,ADCY2,LOC100130992
MA0081.1.SPIB	1.0	1.0	15.0	704.0	0.0	0.0	2.09	0.0	CDH13,VPS41,ULK4,TRUB1,C6orf163,UBA6,KCNA6,PTPRD,DYRK4,OTP,DGKG
UP00216_1_Obox1_3970.2	1.0	1.0	0.0	719.0	0.0	0.0	0.0	0.0	
MA0047.2.Foxa2	1.0	1.0	2.0	717.0	0.0	0.0	0.28	0.0	PLCG2,SDR42E1
UP00138_1_Bsx_3483.2	1.0	1.0	0.0	719.0	0.0	0.0	0.0	0.0	
UP00391_3_Hoxa3_2783.2	1.0	1.0	1.0	718.0	0.0	0.0	0.14	0.0	PHLPP1
UP00408_1_Gabpa_primary	1.0	1.0	2.0	717.0	0.0	0.0	0.28	0.0	PTPRO,IPO11-LRRC70
MA0065.1.PPARG::RXRA	1.0	1.0	0.0	719.0	0.0	0.0	0.0	0.0	
UP00113_1_Hoxc4_3491.1	1.0	1.0	0.0	719.0	0.0	0.0	0.0	0.0	
UP00086_1_Irf3_primary	1.0	1.0	1.0	718.0	0.0	0.0	0.14	0.0	LCLAT1
UP00053_1_Rxra_primary	1.0	1.0	0.0	719.0	0.0	0.0	0.0	0.0	
UP00220_1_Nkx1-1_3856.3	1.0	1.0	1.0	718.0	0.0	0.0	0.14	0.0	PHLPP1
UP00136_1_Prrx2_3072.1	1.0	1.0	0.0	719.0	0.0	0.0	0.0	0.0	
UP00137_1_Hoxb3_1720.2	1.0	1.0	0.0	719.0	0.0	0.0	0.0	0.0	
UP00265_1_Pitx3_3497.2	1.0	1.0	0.0	719.0	0.0	0.0	0.0	0.0	
MA0124.1.NKX3-1	1.0	1.0	2.0	717.0	0.0	0.0	0.28	0.0	CSNK1G3
UP00109_1_Obox6_3440.2	1.0	1.0	1.0	718.0	0.0	0.0	0.14	0.0	
UP00043_2_Bcl6b_secondary	1.0	1.0	2.0	717.0	0.0	0.0	0.28	0.0	EBLN1,BCL2,LOC100130992
UP00001_1_E2F2_primary	1.0	1.0	1.0	718.0	0.0	0.0	0.14	0.0	AKAP1
UP00012_2_Bbx_secondary	1.0	1.0	0.0	719.0	0.0	0.0	0.0	0.0	
UP00008_1_Six6_primary	1.0	1.0	0.0	719.0	0.0	0.0	0.0	0.0	
UP00035_2_Hic1_secondary	1.0	1.0	0.0	719.0	0.0	0.0	0.0	0.0	
UP00225_1_Hlx1_2350.1	1.0	1.0	0.0	719.0	0.0	0.0	0.0	0.0	
UP00087_1_Tcfap2c_primary	1.0	1.0	0.0	719.0	0.0	0.0	0.0	0.0	
UP00193_1_Rhox11_1765.2	1.0	1.0	0.0	719.0	0.0	0.0	0.0	0.0	
UP00097_2_Mtf1_secondary	1.0	1.0	1.0	718.0	0.0	0.0	0.14	0.0	COL28A1
MA0060.1.NFYA	1.0	1.0	1.0	718.0	0.0	0.0	0.14	0.0	BMP6
UP00148_1_Hdx_3845.3	1.0	1.0	3.0	716.0	0.0	0.0	0.42	0.0	TTC13
UP00163_1_En2_0952.1	1.0	1.0	0.0	719.0	0.0	0.0	0.0	0.0	
UP00041_2_Foxj1_secondary	1.0	1.0	0.0	719.0	0.0	0.0	0.0	0.0	
UP00134_1_Hoxb13_3479.1	1.0	1.0	0.0	719.0	0.0	0.0	0.0	0.0	
MA0031.1.FOXD1	1.0	1.0	3.0	716.0	0.0	0.0	0.42	0.0	PAX1
MA0057.1.MZF1_5-13	1.0	1.0	1.0	718.0	0.0	0.0	0.14	0.0	SNX10
UP00254_1_Pou2f1_3081.2	1.0	1.0	0.0	719.0	0.0	0.0	0.0	0.0	
UP00124_1_Ipf1_3815.1	1.0	1.0	1.0	718.0	0.0	0.0	0.14	0.0	PHLPP1
UP00207_1_Hoxb9_3413.1	1.0	1.0	1.0	718.0	0.0	0.0	0.14	0.0	DLX6-AS1
UP00131_1_Gbx2_3110.1	1.0	1.0	0.0	719.0	0.0	0.0	0.0	0.0	
MA0095.1.YY1	1.0	1.0	36.0	683.0	0.0	0.0	5.01	0.0	EPHA4,EGF,NALCN-AS1,TLL2,DLG2,VIPR1,ZNF767,TRIM67,SPEF2,COL25A1,SMCO4,JAK1,LRRC4C,LOC643201,UBA6,CASC2,KRTAP13-2,TYW3,ABCA12,LOC100507391,ADCY2,RSRC1,LOC149373,KANK4,COLEC10,KRTAP23-1
MA0092.1.Hand1::Tcfe2a	1.0	1.0	2.0	717.0	0.0	0.0	0.28	0.0	PAX1
UP00028_2_Tcfap2e_secondary	1.0	1.0	2.0	717.0	0.0	0.0	0.28	0.0	FAM198A,PTPRD
MA0102.1.Cebpa	1.0	1.0	1.0	718.0	0.0	0.0	0.14	0.0	PLCG2,SDR42E1
UP00025_2_Foxk1_secondary	1.0	1.0	0.0	719.0	0.0	0.0	0.0	0.0	
UP00221_1_Phox2a_3947.1	1.0	1.0	0.0	719.0	0.0	0.0	0.0	0.0	
MA0062.1.GABPA	1.0	1.0	4.0	715.0	0.0	0.0	0.56	0.0	MYO5B,TPTE2P6,DGKG,ATP12A
MA0125.1.Nobox	1.0	1.0	0.0	719.0	0.0	0.0	0.0	0.0	
UP00181_1_Barx1_2877.1	1.0	1.0	0.0	719.0	0.0	0.0	0.0	0.0	
UP00169_1_Lmx1b_3433.2	1.0	1.0	0.0	719.0	0.0	0.0	0.0	0.0	
UP00037_2_Zfp105_secondary	1.0	1.0	0.0	719.0	0.0	0.0	0.0	0.0	
MA0030.1.FOXF2	1.0	1.0	5.0	714.0	0.0	0.0	0.7	0.0	CDH13,PAX1,ANO2,FAM184B
MA0089.1.NFE2L1::MafG	1.0	1.0	16.0	703.0	0.0	0.0	2.23	0.0	SDK2,GPAM,KIAA1244,OR2D3,C7orf41,LOC285441,LOC283867,CEP112,CSRP3,E2F8
UP00110_1_Dlx4_3488.2	1.0	1.0	0.0	719.0	0.0	0.0	0.0	0.0	
UP00256_1_Lhx6_2272.1	1.0	1.0	0.0	719.0	0.0	0.0	0.0	0.0	
MA0107.1.RELA	1.0	1.0	1.0	718.0	0.0	0.0	0.14	0.0	EDARADD
UP00049_1_Sp100_primary	1.0	1.0	3.0	716.0	0.0	0.0	0.42	0.0	SLC22A3,SALL1
MA0002.1.RUNX1	1.0	1.0	0.0	719.0	0.0	0.0	0.0	0.0	
UP00080_2_Gata5_secondary	1.0	1.0	1.0	718.0	0.0	0.0	0.14	0.0	
UP00052_1_Osr2_primary	1.0	1.0	1.0	718.0	0.0	0.0	0.14	0.0	
MA0103.1.ZEB1	1.0	1.0	0.0	719.0	0.0	0.0	0.0	0.0	
UP00167_1_En1_3123.2	1.0	1.0	0.0	719.0	0.0	0.0	0.0	0.0	
UP00022_1_Zfp740_primary	1.0	1.0	1.0	718.0	0.0	0.0	0.14	0.0	ZMAT4
MA0088.1.znf143	1.0	1.0	0.0	719.0	0.0	0.0	0.0	0.0	
UP00099_2_Ascl2_secondary	1.0	1.0	2.0	717.0	0.0	0.0	0.28	0.0	SLC35D3,HOXC-AS5,NHEG1
MA0042.1.FOXI1	1.0	1.0	7.0	712.0	0.0	0.0	0.97	0.0	GALNTL5,CDH13,MCC,FAM184B
UP00082_1_Zfp187_primary	1.0	1.0	1.0	718.0	0.0	0.0	0.14	0.0	FHIT
UP00117_1_Hoxd11_3873.1	1.0	1.0	1.0	718.0	0.0	0.0	0.14	0.0	SLC26A3
UP00077_1_Srf_primary	1.0	1.0	0.0	719.0	0.0	0.0	0.0	0.0	
MA0135.1.Lhx3	1.0	1.0	0.0	719.0	0.0	0.0	0.0	0.0	
UP00196_1_Hoxa4_3426.1	1.0	1.0	0.0	719.0	0.0	0.0	0.0	0.0	
UP00189_1_Hoxa5_3415.1	1.0	1.0	0.0	719.0	0.0	0.0	0.0	0.0	
UP00032_2_Gata3_secondary	1.0	1.0	0.0	719.0	0.0	0.0	0.0	0.0	
UP00019_2_Zbtb12_secondary	1.0	1.0	0.0	719.0	0.0	0.0	0.0	0.0	
UP00017_1_Nkx3-1_primary	1.0	1.0	1.0	718.0	0.0	0.0	0.14	0.0	ADAMTS17
UP00033_1_Zfp410_primary	1.0	1.0	1.0	718.0	0.0	0.0	0.14	0.0	KSR2
UP00026_2_Zscan4_secondary	1.0	1.0	4.0	715.0	0.0	0.0	0.56	0.0	EN1,TRUB1
MA0083.1.SRF	1.0	1.0	1.0	718.0	0.0	0.0	0.14	0.0	SEMA3E
UP00015_2_Ehf_secondary	1.0	1.0	1.0	718.0	0.0	0.0	0.14	0.0	CDH13
MA0029.1.Evi1	1.0	1.0	0.0	719.0	0.0	0.0	0.0	0.0	
UP00056_1_Rfx4_primary	1.0	1.0	0.0	719.0	0.0	0.0	0.0	0.0	
UP00078_2_Arid3a_secondary	1.0	1.0	0.0	719.0	0.0	0.0	0.0	0.0	
UP00065_2_Zfp161_secondary	1.0	1.0	1.0	718.0	0.0	0.0	0.14	0.0	TFAP2B
UP00153_1_Pitx1_2312.1	1.0	1.0	0.0	719.0	0.0	0.0	0.0	0.0	
UP00064_2_Sox18_secondary	1.0	1.0	0.0	719.0	0.0	0.0	0.0	0.0	
UP00016_1_Sry_primary	1.0	1.0	0.0	719.0	0.0	0.0	0.0	0.0	
UP00198_1_Cphx_3484.1	1.0	1.0	0.0	719.0	0.0	0.0	0.0	0.0	
MA0147.1.Myc	1.0	1.0	4.0	715.0	0.0	0.0	0.56	0.0	ASIC2,ADAM23
UP00014_1_Sox17_primary	1.0	1.0	2.0	717.0	0.0	0.0	0.28	0.0	STOML3
MA0047.1.Foxa2	1.0	1.0	2.0	717.0	0.0	0.0	0.28	0.0	MYH4,FAM184B
MA0024.1.E2F1	1.0	1.0	1.0	718.0	0.0	0.0	0.14	0.0	TFAP2B
UP00154_1_Dlx3_1030.1	1.0	1.0	1.0	718.0	0.0	0.0	0.14	0.0	NAV2
UP00242_1_Hoxc8_3429.2	1.0	1.0	0.0	719.0	0.0	0.0	0.0	0.0	
UP00074_1_Isgf3g_primary	1.0	1.0	1.0	718.0	0.0	0.0	0.14	0.0	LCLAT1
UP00019_1_Zbtb12_primary	1.0	1.0	1.0	718.0	0.0	0.0	0.14	0.0	SLIT3
UP00118_1_Pou4f3_2791.1	1.0	1.0	2.0	717.0	0.0	0.0	0.28	0.0	LOC375295
MA0138.1.REST	1.0	1.0	0.0	719.0	0.0	0.0	0.0	0.0	
UP00175_1_Lhx9_3492.1	1.0	1.0	0.0	719.0	0.0	0.0	0.0	0.0	
MA0130.1.ZNF354C	1.0	1.0	37.0	682.0	0.0	0.0	5.15	0.0	TUSC1,C14orf23,VSTM2A,KHDRBS3,LOC100130155,TRPC7,ADAMTS17,LINC00424,NALCN-AS1,STIL,LHX8,KCNK5,LIMCH1,BHLHE22,RGS7,KSR2,DLEU7,RIMS2,KIF16B,TAL1,ENPP2,SLC24A3,LOC643201,ADAM23,CRYBB2P1,CYP7B1,ADCY2,MIR548H2,MCC,EFCAB4B
UP00172_1_Prop1_3949.1	1.0	1.0	0.0	719.0	0.0	0.0	0.0	0.0	
UP00060_1_Max_primary	1.0	1.0	1.0	718.0	0.0	0.0	0.14	0.0	
UP00067_2_Lef1_secondary	1.0	1.0	1.0	718.0	0.0	0.0	0.14	0.0	GPLD1
UP00260_1_Hoxc6_3954.2	1.0	1.0	0.0	719.0	0.0	0.0	0.0	0.0	
UP00005_2_Tcfap2a_secondary	1.0	1.0	1.0	718.0	0.0	0.0	0.14	0.0	COL25A1
UP00232_1_Dobox4_3956.2	1.0	1.0	0.0	719.0	0.0	0.0	0.0	0.0	
UP00149_1_Phox2b_3948.1	1.0	1.0	0.0	719.0	0.0	0.0	0.0	0.0	
UP00229_1_Otx1_2325.1	1.0	1.0	0.0	719.0	0.0	0.0	0.0	0.0	
UP00235_1_Hoxc11_3718.2	1.0	1.0	1.0	718.0	0.0	0.0	0.14	0.0	SLC26A3
UP00032_1_Gata3_primary	1.0	1.0	0.0	719.0	0.0	0.0	0.0	0.0	
IRF8_IECS_HAND_KANO	1.0	1.0	1.0	718.0	0.0	0.0	0.14	0.0	MYT1L
UP00082_2_Zfp187_secondary	1.0	1.0	1.0	718.0	0.0	0.0	0.14	0.0	
UP00158_1_Pou1f1_3818.1	1.0	1.0	0.0	719.0	0.0	0.0	0.0	0.0	
MA0112.2.ESR1	1.0	1.0	1.0	718.0	0.0	0.0	0.14	0.0	
MA0050.1.IRF1	1.0	1.0	2.0	717.0	0.0	0.0	0.28	0.0	LCLAT1,NAALAD2
UP00061_1_Foxl1_primary	1.0	1.0	3.0	716.0	0.0	0.0	0.42	0.0	CDH13,FAM184B
UP00100_2_Gata6_secondary	1.0	1.0	1.0	718.0	0.0	0.0	0.14	0.0	RNF219-AS1
UP00088_2_Plagl1_secondary	1.0	1.0	0.0	719.0	0.0	0.0	0.0	0.0	
UP00102_2_Zic1_secondary	1.0	1.0	2.0	717.0	0.0	0.0	0.28	0.0	SGSM1
UP00210_1_Mrg2_2302.1	1.0	1.0	2.0	717.0	0.0	0.0	0.28	0.0	NAV2,CCDC140
UP00016_2_Sry_secondary	1.0	1.0	1.0	718.0	0.0	0.0	0.14	0.0	STOML3
MA0062.2.GABPA	1.0	1.0	7.0	712.0	0.0	0.0	0.97	0.0	LAMA1,FAM163A,ATP12A,TPTE2P6,IPO11-LRRC70,PAX9
UP00083_1_Tcf7l2_primary	1.0	1.0	0.0	719.0	0.0	0.0	0.0	0.0	
UP00245_1_Hoxc10_2779.2	1.0	1.0	1.0	718.0	0.0	0.0	0.14	0.0	SLC26A3
UP00031_1_Zbtb3_primary	1.0	1.0	2.0	717.0	0.0	0.0	0.28	0.0	CDH13,RCN1
UP00018_2_Irf4_secondary	1.0	1.0	2.0	717.0	0.0	0.0	0.28	0.0	CDH11,FBXL4
UP00006_1_Zic3_primary	1.0	1.0	3.0	716.0	0.0	0.0	0.42	0.0	SPATA13,C6orf118,VPS41,FAM183B
UP00093_1_Klf7_primary	1.0	1.0	2.0	717.0	0.0	0.0	0.28	0.0	TMEM132C
MA0145.1.Tcfcp2l1	1.0	1.0	0.0	719.0	0.0	0.0	0.0	0.0	
MA0143.1.Sox2	1.0	1.0	1.0	718.0	0.0	0.0	0.14	0.0	STOML3
MA0043.1.HLF	1.0	1.0	2.0	717.0	0.0	0.0	0.28	0.0	ADAMTS3
MA0102.2.CEBPA	1.0	1.0	0.0	719.0	0.0	0.0	0.0	0.0	
UP00128_1_Pou3f2_2824.1	1.0	1.0	0.0	719.0	0.0	0.0	0.0	0.0	
UP00208_2_Obox5_3963.2	1.0	1.0	0.0	719.0	0.0	0.0	0.0	0.0	
UP00074_2_Isgf3g_secondary	1.0	1.0	1.0	718.0	0.0	0.0	0.14	0.0	HPSE2
UP00042_1_Gm397_primary	1.0	1.0	2.0	717.0	0.0	0.0	0.28	0.0	LINC00461
UP00408_2_Gabpa_secondary	1.0	1.0	2.0	717.0	0.0	0.0	0.28	0.0	CSMD2,SOX2-OT
MA0076.1.ELK4	1.0	1.0	8.0	711.0	0.0	0.0	1.11	0.0	CA8,ATP12A,TPTE2P6,PTPRO,IPO11-LRRC70,DGKG
MA0139.1.CTCF	1.0	1.0	1.0	718.0	0.0	0.0	0.14	0.0	
UP00031_2_Zbtb3_secondary	1.0	1.0	0.0	719.0	0.0	0.0	0.0	0.0	
UP00143_1_Dobox5_3493.1	1.0	1.0	0.0	719.0	0.0	0.0	0.0	0.0	
UP00092_1_Myb_primary	1.0	1.0	1.0	718.0	0.0	0.0	0.14	0.0	
UP00039_1_Foxj3_primary	1.0	1.0	3.0	716.0	0.0	0.0	0.42	0.0	CDH13,FAM184B
UP00015_1_Ehf_primary	1.0	1.0	2.0	717.0	0.0	0.0	0.28	0.0	MYO5B,IPO11-LRRC70
UP00017_3_Nkx3-1_2923.2	1.0	1.0	0.0	719.0	0.0	0.0	0.0	0.0	
UP00096_1_Sox13_primary	1.0	1.0	0.0	719.0	0.0	0.0	0.0	0.0	
UP00042_2_Gm397_secondary	1.0	1.0	9.0	710.0	0.0	0.0	1.25	0.0	CRISPLD1,KCNH1,LARGE,KANK4,DAPK1
UP00139_1_Nkx1-2_3214.1	1.0	1.0	1.0	718.0	0.0	0.0	0.14	0.0	PHLPP1
UP00091_1_Sox5_primary	1.0	1.0	1.0	718.0	0.0	0.0	0.14	0.0	
